0.010000 0.000000 0.000000 0.000000
0.020000 0.000000 0.000000 0.000000
0.030000 0.000000 0.000000 0.000000
0.040000 0.000000 0.000000 0.000000
0.050000 0.000000 0.000000 0.000000
0.060000 0.000000 0.000000 0.000000
0.070000 0.000000 0.000000 0.000000
0.080000 0.000000 0.000000 0.000000
0.090000 0.000000 0.000000 0.000000
0.100000 0.000000 0.000000 0.000000
0.110000 0.000000 0.000000 0.000000
0.120000 0.000000 0.000000 0.000000
0.130000 0.000000 0.000000 0.000000
0.140000 0.000000 0.000000 0.000000
0.150000 0.000000 0.000000 0.000000
0.160000 0.000000 0.000000 0.000000
0.170000 0.000000 0.000000 0.000000
0.180000 0.000000 0.000000 0.000000
0.190000 0.000000 0.000000 0.000000
0.200000 0.000000 0.000000 0.000000
0.210000 0.000000 0.000000 0.000000
0.220000 0.000000 0.000000 0.000000
0.230000 0.000000 0.000000 0.000000
0.240000 0.000000 0.000000 0.000000
0.250000 0.000000 0.000000 0.000000
0.260000 0.000000 0.000000 0.000000
0.270000 0.000000 0.000000 0.000000
0.280000 0.000000 0.000000 0.000000
0.290000 0.000000 0.000000 0.000000
0.300000 0.000000 0.000000 0.000000
0.310000 0.000000 0.000000 0.000000
0.320000 0.000000 0.000000 0.000000
0.330000 0.000000 0.000000 0.000000
0.340000 0.000000 0.000000 0.000000
0.350000 0.000000 0.000000 0.000000
0.360000 0.000000 0.000000 0.000000
0.370000 0.000000 0.000000 0.000000
0.380000 0.000000 0.000000 0.000000
0.390000 0.000000 0.000000 0.000000
0.400000 0.000000 0.000000 0.000000
0.410000 0.000000 0.000000 0.000000
0.420000 0.000000 0.000000 0.000000
0.430000 0.000000 0.000000 0.000000
0.440000 0.000000 0.000000 0.000000
0.450000 0.000000 0.000000 0.000000
0.460000 0.000000 0.000000 0.000000
0.470000 0.000000 0.000000 0.000000
0.480000 0.000000 0.000000 0.000000
0.490000 0.000000 0.000000 0.000000
0.500000 0.000000 0.000000 0.000000
0.510000 0.000000 0.000000 0.000000
0.520000 0.000000 0.000000 0.000000
0.530000 0.000000 0.000000 0.000000
0.540000 0.000000 0.000000 0.000000
0.550000 0.000000 0.000000 0.000000
0.560000 0.000000 0.000000 0.000000
0.570000 0.000000 0.000000 0.000000
0.580000 0.000000 0.000000 0.000000
0.590000 0.000000 0.000000 0.000000
0.600000 0.000000 0.000000 0.000000
0.610000 0.000000 0.000000 0.000000
0.620000 0.000000 0.000000 0.000000
0.630000 0.000000 0.000000 0.000000
0.640000 0.000000 0.000000 0.000000
0.650000 0.000000 0.000000 0.000000
0.660000 0.000000 0.000000 0.000000
0.670000 0.000000 0.000000 0.000000
0.680000 0.000000 0.000000 0.000000
0.690000 0.000000 0.000000 0.000000
0.700000 0.000000 0.000000 0.000000
0.710000 0.000000 0.000000 0.000000
0.720000 0.000000 0.000000 0.000000
0.730000 0.000000 0.000000 0.000000
0.740000 0.000000 0.000000 0.000000
0.750000 0.000000 0.000000 0.000000
0.760000 0.000000 0.000000 0.000000
0.770000 0.000000 0.000000 0.000000
0.780000 0.000000 0.000000 0.000000
0.790000 0.000000 0.000000 0.000000
0.800000 0.000000 0.000000 0.000000
0.810000 0.000000 0.000000 0.000000
0.820000 0.000000 0.000000 0.000000
0.830000 0.000000 0.000000 0.000000
0.840000 0.000000 0.000000 0.000000
0.850000 0.000000 0.000000 0.000000
0.860000 0.000000 0.000000 0.000000
0.870000 0.000000 0.000000 0.000000
0.880000 0.000000 0.000000 0.000000
0.890000 0.000000 0.000000 0.000000
0.900000 0.000000 0.000000 0.000000
0.910000 0.000000 0.000000 0.000000
0.920000 0.000000 0.000000 0.000000
0.930000 0.000000 0.000000 0.000000
0.940000 0.000000 0.000000 0.000000
0.950000 0.000000 0.000000 0.000000
0.960000 0.000000 0.000000 0.000000
0.970000 0.000000 0.000000 0.000000
0.980000 0.000000 0.000000 0.000000
0.990000 0.000000 0.000000 0.000000
1.000000 0.000000 0.000000 0.000000
1.010000 0.003208 1.000000 0.000000
1.020000 0.003229 1.000000 0.000000
1.030000 0.003274 1.000000 0.000000
1.040000 0.003336 1.000000 0.000000
1.050000 0.003405 1.000000 0.000000
1.060000 0.003481 1.000000 0.000000
1.070000 0.003558 1.000000 0.000000
1.080000 0.003633 1.000000 0.000000
1.090000 0.003699 1.000000 0.000000
1.100000 0.003758 1.000000 0.000000
1.110000 0.003810 1.000000 0.000000
1.120000 0.003847 1.000000 0.000000
1.130000 0.003870 1.000000 0.000000
1.140000 0.003880 1.000000 0.000000
1.150000 0.003881 1.000000 0.000000
1.160000 0.003860 1.000000 0.000000
1.170000 0.003821 1.000000 0.000000
1.180000 0.003771 1.000000 0.000000
1.190000 0.003708 1.000000 0.000000
1.200000 0.003634 1.000000 0.000000
1.210000 0.003543 1.000000 0.000000
1.220000 0.003448 1.000000 0.000000
1.230000 0.003345 1.000000 0.000000
1.240000 0.003234 1.000000 0.000000
1.250000 0.003120 1.000000 0.000000
1.260000 0.003009 1.000000 0.000000
1.270000 0.002894 1.000000 0.000000
1.280000 0.002780 1.000000 0.000000
1.290000 0.002667 1.000000 0.000000
1.300000 0.002563 1.000000 0.000000
1.310000 0.002478 1.000000 0.000000
1.320000 0.002422 1.000000 0.000000
1.330000 0.002411 1.000000 0.000000
1.340000 0.002464 1.000000 0.000000
1.350000 0.002578 1.000000 0.000000
1.360000 0.002770 1.000000 0.000000
1.370000 0.003046 1.000000 0.000000
1.380000 0.003400 1.000000 0.000000
1.390000 0.003816 1.000000 0.000000
1.400000 0.004291 1.000000 0.000000
1.410000 0.004812 1.000000 0.000000
1.420000 0.005373 1.000000 0.000000
1.430000 0.005947 1.000000 0.000000
1.440000 0.006523 1.000000 0.000000
1.450000 0.007099 1.000000 0.000000
1.460000 0.007674 1.000000 0.000000
1.470000 0.008237 1.000000 0.000000
1.480000 0.008793 1.000000 0.000000
1.490000 0.009343 1.000000 0.000000
1.500000 0.009885 1.000000 0.000000
1.510000 0.010427 1.000000 0.000000
1.520000 0.010969 1.000000 0.000000
1.530000 0.011513 1.000000 0.000000
1.540000 0.012057 1.000000 0.000000
1.550000 0.012604 1.000000 0.000000
1.560000 0.013150 1.000000 0.000000
1.570000 0.013665 1.000000 0.000000
1.580000 0.014113 1.000000 0.000000
1.590000 0.014500 1.000000 0.000000
1.600000 0.014841 1.000000 0.000000
1.610000 0.015143 1.000000 0.000000
1.620000 0.015342 1.000000 0.000000
1.630000 0.015124 1.000000 0.000000
1.640000 0.014459 1.000000 0.000000
1.650000 0.013523 1.000000 0.000000
1.660000 0.012445 1.000000 0.000000
1.670000 0.011314 1.000000 0.000000
1.680000 0.010190 1.000000 0.000000
1.690000 0.009115 1.000000 0.000000
1.700000 0.008113 1.000000 0.000000
1.710000 0.007203 1.000000 0.000000
1.720000 0.006385 1.000000 0.000000
1.730000 0.005668 1.000000 0.000000
1.740000 0.005036 1.000000 0.000000
1.750000 0.004480 1.000000 0.000000
1.760000 0.003990 1.000000 0.000000
1.770000 0.003544 1.000000 0.000000
1.780000 0.003126 1.000000 0.000000
1.790000 0.002707 1.000000 0.000000
1.800000 0.002277 1.000000 0.000000
1.810000 0.001809 1.000000 0.000000
1.820000 0.001316 1.000000 0.000000
1.830000 0.000758 1.000000 0.000000
1.840000 0.000111 1.000000 0.000000
1.850000 -0.000609 1.000000 0.000000
1.860000 -0.001336 1.000000 0.000000
1.870000 -0.002112 1.000000 0.000000
1.880000 -0.002937 1.000000 0.000000
1.890000 -0.003807 1.000000 0.000000
1.900000 -0.004699 1.000000 0.000000
1.910000 -0.005600 1.000000 0.000000
1.920000 -0.006504 1.000000 0.000000
1.930000 -0.007406 1.000000 0.000000
1.940000 -0.008293 1.000000 0.000000
1.950000 -0.009157 1.000000 0.000000
1.960000 -0.009997 1.000000 0.000000
1.970000 -0.010800 1.000000 0.000000
1.980000 -0.011569 1.000000 0.000000
1.990000 -0.012297 1.000000 0.000000
2.000000 -0.012985 1.000000 0.000000
2.010000 -0.013632 1.000000 0.000000
2.020000 -0.014233 1.000000 0.000000
2.030000 -0.014793 1.000000 0.000000
2.040000 -0.015310 1.000000 0.000000
2.050000 -0.015786 1.000000 0.000000
2.060000 -0.016221 1.000000 0.000000
2.070000 -0.016618 1.000000 0.000000
2.080000 -0.016977 1.000000 0.000000
2.090000 -0.017301 1.000000 0.000000
2.100000 -0.017590 1.000000 0.000000
2.110000 -0.017848 1.000000 0.000000
2.120000 -0.018073 1.000000 0.000000
2.130000 -0.018271 1.000000 0.000000
2.140000 -0.018442 1.000000 0.000000
2.150000 -0.018591 1.000000 0.000000
2.160000 -0.018719 1.000000 0.000000
2.170000 -0.018827 1.000000 0.000000
2.180000 -0.018922 1.000000 0.000000
2.190000 -0.019000 1.000000 0.000000
2.200000 -0.019070 1.000000 0.000000
2.210000 -0.019130 1.000000 0.000000
2.220000 -0.019185 1.000000 0.000000
2.230000 -0.019239 1.000000 0.000000
2.240000 -0.019289 1.000000 0.000000
2.250000 -0.019337 1.000000 0.000000
2.260000 -0.019387 1.000000 0.000000
2.270000 -0.019438 1.000000 0.000000
2.280000 -0.019492 1.000000 0.000000
2.290000 -0.019546 1.000000 0.000000
2.300000 -0.019603 1.000000 0.000000
2.310000 -0.019658 1.000000 0.000000
2.320000 -0.019712 1.000000 0.000000
2.330000 -0.019765 1.000000 0.000000
2.340000 -0.019815 1.000000 0.000000
2.350000 -0.019859 1.000000 0.000000
2.360000 -0.019895 1.000000 0.000000
2.370000 -0.019926 1.000000 0.000000
2.380000 -0.019946 1.000000 0.000000
2.390000 -0.019958 1.000000 0.000000
2.400000 -0.019959 1.000000 0.000000
2.410000 -0.019948 1.000000 0.000000
2.420000 -0.019927 1.000000 0.000000
2.430000 -0.019893 1.000000 0.000000
2.440000 -0.019849 1.000000 0.000000
2.450000 -0.019793 1.000000 0.000000
2.460000 -0.019727 1.000000 0.000000
2.470000 -0.019652 1.000000 0.000000
2.480000 -0.019567 1.000000 0.000000
2.490000 -0.019476 1.000000 0.000000
2.500000 -0.019378 1.000000 0.000000
2.510000 -0.019276 1.000000 0.000000
2.520000 -0.019170 1.000000 0.000000
2.530000 -0.019062 0.988794 0.000000
2.540000 -0.018956 0.966964 0.000000
2.550000 -0.018854 0.945494 0.000000
2.560000 -0.018764 0.924398 0.000000
2.570000 -0.018688 0.903625 0.000000
2.580000 -0.018629 0.883052 0.000000
2.590000 -0.018594 0.862663 0.000000
2.600000 -0.018583 0.842361 0.000000
2.610000 -0.018600 0.822149 0.000000
2.620000 -0.018645 0.801957 0.000000
2.630000 -0.018722 0.781835 0.000000
2.640000 -0.018826 0.761692 0.000000
2.650000 -0.018957 0.741615 0.000000
2.660000 -0.019118 0.721627 0.000000
2.670000 -0.019303 0.701742 0.000000
2.680000 -0.019514 0.681994 0.000000
2.690000 -0.019744 0.662414 0.000000
2.700000 -0.019991 0.643031 0.000000
2.710000 -0.020254 0.623865 0.000000
2.720000 -0.020527 0.604927 0.000000
2.730000 -0.020806 0.586233 0.000000
2.740000 -0.021092 0.567778 0.000000
2.750000 -0.021380 0.549587 0.000000
2.760000 -0.021669 0.531596 0.000000
2.770000 -0.021956 0.513824 0.000000
2.780000 -0.022238 0.496258 0.000000
2.790000 -0.022515 0.478862 0.000000
2.800000 -0.022787 0.461636 0.000000
2.810000 -0.023053 0.444564 0.000000
2.820000 -0.023314 0.427615 0.000000
2.830000 -0.023566 0.410771 0.000000
2.840000 -0.023812 0.394039 0.000000
2.850000 -0.024050 0.377395 0.000000
2.860000 -0.024281 0.360845 0.000000
2.870000 -0.024504 0.344361 0.000000
2.880000 -0.024722 0.327928 0.000000
2.890000 -0.024928 0.311554 0.000000
2.900000 -0.025128 0.295203 0.000000
2.910000 -0.025317 0.278887 0.000000
2.920000 -0.025496 0.262576 0.000000
2.930000 -0.025659 0.246224 0.000000
2.940000 -0.025806 0.229827 0.000000
2.950000 -0.025932 0.213334 0.000000
2.960000 -0.026026 0.196691 0.000000
2.970000 -0.026080 0.179879 0.000000
2.980000 -0.026072 0.162826 0.000000
2.990000 -0.025962 0.145682 0.000000
3.000000 -0.025665 0.130211 0.000000
3.010000 -0.025060 0.119229 0.000000
3.020000 -0.024095 0.113756 0.000000
3.030000 -0.022828 0.112318 0.000000
3.040000 -0.021358 0.112808 0.000000
3.050000 -0.019765 0.113620 0.000000
3.060000 -0.018118 0.113790 0.000000
3.070000 -0.016459 0.112877 0.000000
3.080000 -0.014820 0.110803 0.000000
3.090000 -0.013225 0.107688 0.000000
3.100000 -0.011687 0.103759 0.000000
3.110000 -0.010221 0.099295 0.000000
3.120000 -0.008838 0.094597 0.000000
3.130000 -0.007536 0.089939 0.000000
3.140000 -0.006317 0.085570 0.000000
3.150000 -0.005190 0.081690 0.000000
3.160000 -0.004156 0.078441 0.000000
3.170000 -0.003198 0.075914 0.000000
3.180000 -0.002319 0.074141 0.000000
3.190000 -0.001560 0.073101 0.000000
3.200000 -0.000812 0.072739 0.000000
3.210000 -0.000218 0.072971 0.000000
3.220000 0.000459 0.073648 0.000000
3.230000 0.000931 0.074697 0.000000
3.240000 0.001368 0.075959 0.000000
3.250000 0.001789 0.077305 0.000000
3.260000 0.002108 0.078623 0.000000
3.270000 0.002399 0.079821 0.000000
3.280000 0.002651 0.080819 0.000000
3.290000 0.002871 0.081566 0.000000
3.300000 0.003039 0.082029 0.000000
3.310000 0.003179 0.082204 0.000000
3.320000 0.003283 0.082094 0.000000
3.330000 0.003371 0.081732 0.000000
3.340000 0.003434 0.081154 0.000000
3.350000 0.003471 0.080406 0.000000
3.360000 0.003485 0.079543 0.000000
3.370000 0.003480 0.078613 0.000000
3.380000 0.003461 0.077668 0.000000
3.390000 0.003434 0.076752 0.000000
3.400000 0.003409 0.075905 0.000000
3.410000 0.003358 0.075150 0.000000
3.420000 0.003309 0.074514 0.000000
3.430000 0.003256 0.074001 0.000000
3.440000 0.003200 0.073615 0.000000
3.450000 0.003132 0.073353 0.000000
3.460000 0.003075 0.073198 0.000000
3.470000 0.003020 0.073134 0.000000
3.480000 0.002954 0.073146 0.000000
3.490000 0.002887 0.073209 0.000000
3.500000 0.002825 0.073302 0.000000
3.510000 0.002749 0.073402 0.000000
3.520000 0.002673 0.073497 0.000000
3.530000 0.002607 0.073569 0.000000
3.540000 0.002556 0.073606 0.000000
3.550000 0.002470 0.073604 0.000000
3.560000 0.002426 0.073553 0.000000
3.570000 0.002338 0.073460 0.000000
3.580000 0.002283 0.073323 0.000000
3.590000 0.002219 0.073149 0.000000
3.600000 0.002144 0.072939 0.000000
3.610000 0.002084 0.072711 0.000000
3.620000 0.002034 0.072469 0.000000
3.630000 0.001983 0.072218 0.000000
3.640000 0.001912 0.071969 0.000000
3.650000 0.001848 0.071732 0.000000
3.660000 0.001789 0.071509 0.000000
3.670000 0.001733 0.071303 0.000000
3.680000 0.001680 0.071118 0.000000
3.690000 0.001631 0.070958 0.000000
3.700000 0.001586 0.070821 0.000000
3.710000 0.001547 0.070702 0.000000
3.720000 0.001516 0.070603 0.000000
3.730000 0.001453 0.070522 0.000000
3.740000 0.001395 0.070453 0.000000
3.750000 0.001346 0.070397 0.000000
3.760000 0.001311 0.070341 0.000000
3.770000 0.001294 0.070293 0.000000
3.780000 0.001251 0.070241 0.000000
3.790000 0.001191 0.070187 0.000000
3.800000 0.001156 0.070132 0.000000
3.810000 0.001149 0.070073 0.000000
3.820000 0.001106 0.070008 0.000000
3.830000 0.001050 0.069938 0.000000
3.840000 0.001026 0.069863 0.000000
3.850000 0.001037 0.069783 0.000000
3.860000 0.000971 0.069700 0.000000
3.870000 0.000925 0.069615 0.000000
3.880000 0.000913 0.069533 0.000000
3.890000 0.000932 0.069451 0.000000
3.900000 0.000862 0.069366 0.000000
3.910000 0.000816 0.069288 0.000000
3.920000 0.000795 0.069215 0.000000
3.930000 0.000794 0.069137 0.000000
3.940000 0.000808 0.069071 0.000000
3.950000 0.000763 0.069009 0.000000
3.960000 0.000719 0.068949 0.000000
3.970000 0.000684 0.068893 0.000000
3.980000 0.000657 0.068842 0.000000
3.990000 0.000634 0.068794 0.000000
4.000000 0.000614 0.068748 0.000000
4.010000 0.000598 0.068704 0.000000
4.020000 0.000590 0.068658 0.000000
4.030000 0.000596 0.068615 0.000000
4.040000 0.000627 0.068572 0.000000
4.050000 0.000561 0.068533 0.000000
4.060000 0.000503 0.068482 0.000000
4.070000 0.000503 0.068444 0.000000
4.080000 0.000559 0.068406 0.000000
4.090000 0.000453 0.068358 0.000000
4.100000 0.000504 0.068316 0.000000
4.110000 0.000429 0.068278 0.000000
4.120000 0.000498 0.068230 0.000000
4.130000 0.000393 0.068192 0.000000
4.140000 0.000422 0.068153 0.000000
4.150000 0.000481 0.068116 0.000000
4.160000 0.000397 0.068074 0.000000
4.170000 0.000354 0.068035 0.000000
4.180000 0.000333 0.068003 0.000000
4.190000 0.000325 0.067973 0.000000
4.200000 0.000338 0.067942 0.000000
4.210000 0.000399 0.067911 0.000000
4.220000 0.000356 0.067874 0.000000
4.230000 0.000266 0.067852 0.000000
4.240000 0.000388 0.067832 0.000000
4.250000 0.000247 0.067797 0.000000
4.260000 0.000380 0.067787 0.000000
4.270000 0.000280 0.067755 0.000000
4.280000 0.000215 0.067737 0.000000
4.290000 0.000209 0.067717 0.000000
4.300000 0.000202 0.067696 0.000000
4.310000 0.000184 0.067676 0.000000
4.320000 0.000220 0.067651 0.000000
4.330000 0.000372 0.067626 0.000000
4.340000 0.000168 0.067602 0.000000
4.350000 0.000323 0.067582 0.000000
4.360000 0.000146 0.067561 0.000000
4.370000 0.000176 0.067542 0.000000
4.380000 0.000237 0.067515 0.000000
4.390000 0.000234 0.067491 0.000000
4.400000 0.000163 0.067473 0.000000
4.410000 0.000104 0.067468 0.000000
4.420000 0.000302 0.067445 0.000000
4.430000 0.000086 0.067428 0.000000
4.440000 0.000275 0.067420 0.000000
4.450000 0.000260 0.067388 0.000000
4.460000 0.000211 0.067370 0.000000
4.470000 0.000255 0.067360 0.000000
4.480000 0.000265 0.067328 0.000000
4.490000 0.000036 0.067330 0.000000
4.500000 0.000322 0.067317 0.000000
4.510000 0.000111 0.067299 0.000000
4.520000 0.000006 0.067286 0.000000
4.530000 -0.000004 0.067270 0.000000
4.540000 -0.000107 0.067275 0.000000
4.550000 -0.000322 0.067249 0.000000
4.560000 0.000011 0.067231 0.000000
4.570000 0.000213 0.067213 0.000000
4.580000 0.000308 0.067216 0.000000
4.590000 0.000285 0.067207 0.000000
4.600000 0.000144 0.067186 0.000000
4.610000 -0.000117 0.067183 0.000000
4.620000 -0.000144 0.067156 0.000000
4.630000 0.000279 0.067162 0.000000
4.640000 0.000288 0.067154 0.000000
4.650000 0.000167 0.067150 0.000000
4.660000 0.000084 0.067137 0.000000
4.670000 -0.000172 0.067133 0.000000
4.680000 -0.000292 0.067117 0.000000
4.690000 0.000275 0.067117 0.000000
4.700000 0.000119 0.067111 0.000000
4.710000 0.000179 0.067095 0.000000
4.720000 0.000016 0.067117 0.000000
4.730000 -0.000063 0.067063 0.000000
4.740000 -0.000038 0.067072 0.000000
4.750000 -0.000288 0.067068 0.000000
4.760000 0.000061 0.067052 0.000000
4.770000 0.000014 0.067036 0.000000
4.780000 0.000075 0.067044 0.000000
4.790000 -0.000306 0.067030 0.000000
4.800000 -0.000101 0.067030 0.000000
4.810000 -0.000048 0.067013 0.000000
4.820000 0.000161 0.067028 0.000000
4.830000 0.000178 0.067017 0.000000
4.840000 0.000277 0.067016 0.000000
4.850000 -0.000285 0.066994 0.000000
4.860000 -0.000148 0.066993 0.000000
4.870000 0.000217 0.066992 0.000000
4.880000 0.000148 0.066986 0.000000
4.890000 0.000264 0.066987 0.000000
4.900000 -0.000046 0.066957 0.000000
4.910000 -0.000164 0.066999 0.000000
4.920000 -0.000088 0.066978 0.000000
4.930000 0.000184 0.066975 0.000000
4.940000 0.000047 0.066957 0.000000
4.950000 0.000110 0.066935 0.000000
4.960000 -0.000225 0.066944 0.000000
4.970000 -0.000251 0.066959 0.000000
4.980000 -0.000266 0.066952 0.000000
4.990000 0.000033 0.066949 0.000000
5.000000 0.000053 0.066931 0.000000
5.010000 0.000083 0.066942 0.000000
5.020000 -0.000154 0.066939 0.000000
5.030000 -0.000162 0.066929 0.000000
5.040000 0.000059 0.066930 0.000000
5.050000 0.000080 0.066962 0.000000
5.060000 0.000021 0.066933 0.000000
5.070000 -0.000228 0.066922 0.000000
5.080000 -0.000231 0.066916 0.000000
5.090000 -0.000013 0.066934 0.000000
5.100000 0.000077 0.066891 0.000000
5.110000 0.000090 0.066906 0.000000
5.120000 0.000066 0.066907 0.000000
5.130000 -0.000042 0.066890 0.000000
5.140000 -0.000160 0.066910 0.000000
5.150000 0.000092 0.066907 0.000000
5.160000 0.000251 0.066892 0.000000
5.170000 0.000270 0.066903 0.000000
5.180000 -0.000062 0.066906 0.000000
5.190000 -0.000113 0.066908 0.000000
5.200000 -0.000109 0.066882 0.000000
5.210000 0.000036 0.066885 0.000000
5.220000 0.000222 0.066880 0.000000
5.230000 0.000102 0.066875 0.000000
5.240000 -0.000231 0.066884 0.000000
5.250000 -0.000045 0.066885 0.000000
5.260000 -0.000093 0.066879 0.000000
5.270000 0.000183 0.066861 0.000000
5.280000 0.000238 0.066849 0.000000
5.290000 0.000081 0.066844 0.000000
5.300000 -0.000264 0.066873 0.000000
5.310000 -0.000250 0.066864 0.000000
5.320000 0.000047 0.066855 0.000000
5.330000 0.000201 0.066868 0.000000
5.340000 0.000182 0.066866 0.000000
5.350000 0.000003 0.066853 0.000000
5.360000 -0.000189 0.066855 0.000000
5.370000 -0.000231 0.066872 0.000000
5.380000 -0.000134 0.066848 0.000000
5.390000 0.000093 0.066845 0.000000
5.400000 0.000083 0.066854 0.000000
5.410000 0.000146 0.066847 0.000000
5.420000 -0.000106 0.066862 0.000000
5.430000 -0.000027 0.066837 0.000000
5.440000 -0.000240 0.066853 0.000000
5.450000 0.000016 0.066844 0.000000
5.460000 0.000146 0.066850 0.000000
5.470000 0.000248 0.066854 0.000000
5.480000 -0.000179 0.066833 0.000000
5.490000 -0.000139 0.066842 0.000000
5.500000 -0.000117 0.066844 0.000000
5.510000 0.000101 0.066836 0.000000
5.520000 0.000079 0.066833 0.000000
5.530000 -0.000038 0.066833 0.000000
5.540000 -0.000034 0.066836 0.000000
5.550000 -0.000149 0.066840 0.000000
5.560000 0.000157 0.066832 0.000000
5.570000 0.000088 0.066838 0.000000
5.580000 0.000057 0.066835 0.000000
5.590000 -0.000099 0.066831 0.000000
5.600000 -0.000025 0.066837 0.000000
5.610000 -0.000180 0.066834 0.000000
5.620000 0.000070 0.066828 0.000000
5.630000 0.000124 0.066828 0.000000
5.640000 -0.000093 0.066826 0.000000
5.650000 -0.000110 0.066826 0.000000
5.660000 -0.000090 0.066825 0.000000
5.670000 0.000080 0.066824 0.000000
5.680000 0.000113 0.066821 0.000000
5.690000 0.000029 0.066819 0.000000
5.700000 -0.000081 0.066817 0.000000
5.710000 -0.000183 0.066817 0.000000
5.720000 0.000063 0.066816 0.000000
5.730000 0.000058 0.066816 0.000000
5.740000 -0.000147 0.066816 0.000000
5.750000 -0.000175 0.066809 0.000000
5.760000 -0.000053 0.066811 0.000000
5.770000 0.000130 0.066809 0.000000
5.780000 0.000007 0.066809 0.000000
5.790000 -0.000014 0.066813 0.000000
5.800000 -0.000187 0.066810 0.000000
5.810000 -0.000175 0.066813 0.000000
5.820000 0.000024 0.066808 0.000000
5.830000 0.000160 0.066807 0.000000
5.840000 0.000124 0.066806 0.000000
5.850000 -0.000030 0.066788 0.000000
5.860000 -0.000119 0.066801 0.000000
5.870000 -0.000020 0.066801 0.000000
5.880000 0.000094 0.066793 0.000000
5.890000 0.000053 0.066807 0.000000
5.900000 0.000032 0.066795 0.000000
5.910000 -0.000082 0.066800 0.000000
5.920000 -0.000021 0.066794 0.000000
5.930000 -0.000090 0.066803 0.000000
5.940000 0.000126 0.066801 0.000000
5.950000 0.000090 0.066792 0.000000
5.960000 0.000073 0.066793 0.000000
5.970000 -0.000066 0.066791 0.000000
5.980000 -0.000036 0.066792 0.000000
5.990000 -0.000005 0.066792 0.000000
6.000000 0.000108 0.066791 0.000000
6.010000 0.000006 0.066789 0.000000
6.020000 -0.000092 0.066794 0.000000
6.030000 -0.000049 0.066782 0.000000
6.040000 -0.000067 0.066784 0.000000
6.050000 -0.000112 0.066794 0.000000
6.060000 0.000035 0.066793 0.000000
6.070000 0.000109 0.066792 0.000000
6.080000 0.000011 0.066791 0.000000
6.090000 -0.000089 0.066785 0.000000
6.100000 -0.000057 0.066792 0.000000
6.110000 -0.000057 0.066791 0.000000
6.120000 0.000059 0.066793 0.000000
6.130000 0.000013 0.066789 0.000000
6.140000 0.000007 0.066788 0.000000
6.150000 0.000026 0.066786 0.000000
6.160000 0.001037 0.066785 0.000000
6.170000 0.003804 0.066778 0.000000
6.180000 0.008123 0.066760 0.000000
6.190000 0.013787 0.066730 0.000000
6.200000 0.020588 0.066696 0.000000
6.210000 0.028322 0.066663 0.000000
6.220000 0.036799 0.066655 0.000000
6.230000 0.045846 0.066677 0.000000
6.240000 0.055307 0.066744 0.000000
6.250000 0.065045 0.066863 0.000000
6.260000 0.074940 0.067039 0.000000
6.270000 0.084891 0.067279 0.000000
6.280000 0.094812 0.067581 0.000000
6.290000 0.104632 0.067943 0.000000
6.300000 0.114290 0.068367 0.000000
6.310000 0.123736 0.068844 0.000000
6.320000 0.132930 0.069369 0.000000
6.330000 0.141837 0.069943 0.000000
6.340000 0.150432 0.070552 0.000000
6.350000 0.158690 0.071195 0.000000
6.360000 0.166594 0.071870 0.000000
6.370000 0.174128 0.072571 0.000000
6.380000 0.181279 0.073293 0.000000
6.390000 0.188035 0.074031 0.000000
6.400000 0.194388 0.074784 0.000000
6.410000 0.200330 0.075545 0.000000
6.420000 0.205856 0.076311 0.000000
6.430000 0.210960 0.077081 0.000000
6.440000 0.215641 0.077847 0.000000
6.450000 0.219898 0.078610 0.000000
6.460000 0.223730 0.079364 0.000000
6.470000 0.227139 0.080106 0.000000
6.480000 0.230130 0.080834 0.000000
6.490000 0.232706 0.081545 0.000000
6.500000 0.234875 0.082235 0.000000
6.510000 0.236644 0.082902 0.000000
6.520000 0.238021 0.083543 0.000000
6.530000 0.239017 0.084158 0.000000
6.540000 0.239643 0.084741 0.000000
6.550000 0.239911 0.085293 0.000000
6.560000 0.239834 0.085812 0.000000
6.570000 0.239426 0.086296 0.000000
6.580000 0.238701 0.086743 0.000000
6.590000 0.237674 0.087154 0.000000
6.600000 0.236362 0.087527 0.000000
6.610000 0.234778 0.087862 0.000000
6.620000 0.232941 0.088160 0.000000
6.630000 0.230864 0.088420 0.000000
6.640000 0.228566 0.088642 0.000000
6.650000 0.226061 0.088826 0.000000
6.660000 0.223366 0.088974 0.000000
6.670000 0.220495 0.089086 0.000000
6.680000 0.217464 0.089163 0.000000
6.690000 0.214289 0.089206 0.000000
6.700000 0.210981 0.089217 0.000000
6.710000 0.207556 0.089195 0.000000
6.720000 0.204026 0.089143 0.000000
6.730000 0.200402 0.089060 0.000000
6.740000 0.196697 0.088953 0.000000
6.750000 0.192921 0.088816 0.000000
6.760000 0.189082 0.088654 0.000000
6.770000 0.185191 0.088469 0.000000
6.780000 0.181254 0.088261 0.000000
6.790000 0.177280 0.088031 0.000000
6.800000 0.173274 0.087780 0.000000
6.810000 0.169243 0.087512 0.000000
6.820000 0.165190 0.087227 0.000000
6.830000 0.161121 0.086925 0.000000
6.840000 0.157038 0.086610 0.000000
6.850000 0.152945 0.086281 0.000000
6.860000 0.148844 0.085940 0.000000
6.870000 0.144738 0.085588 0.000000
6.880000 0.140627 0.085229 0.000000
6.890000 0.136512 0.084859 0.000000
6.900000 0.132394 0.084485 0.000000
6.910000 0.128275 0.084105 0.000000
6.920000 0.124152 0.083721 0.000000
6.930000 0.120027 0.083332 0.000000
6.940000 0.115899 0.082942 0.000000
6.950000 0.111768 0.082551 0.000000
6.960000 0.107632 0.082160 0.000000
6.970000 0.103490 0.081769 0.000000
6.980000 0.099342 0.081379 0.000000
6.990000 0.095185 0.080991 0.000000
7.000000 0.091019 0.080607 0.000000
7.010000 0.086842 0.080225 0.000000
7.020000 0.082652 0.079845 0.000000
7.030000 0.078445 0.079457 0.000000
7.040000 0.074225 0.079084 0.000000
7.050000 0.069991 0.078740 0.000000
7.060000 0.065740 0.078398 0.000000
7.070000 0.061465 0.078058 0.000000
7.080000 0.057163 0.077723 0.000000
7.090000 0.052828 0.077390 0.000000
7.100000 0.048458 0.077061 0.000000
7.110000 0.044047 0.076732 0.000000
7.120000 0.039592 0.076412 0.000000
7.130000 0.035086 0.076124 0.000000
7.140000 0.030527 0.075846 0.000000
7.150000 0.025908 0.075572 0.000000
7.160000 0.021227 0.075308 0.000000
7.170000 0.016479 0.075051 0.000000
7.180000 0.011658 0.074807 0.000000
7.190000 0.006761 0.074575 0.000000
7.200000 0.001783 0.074356 0.000000
7.210000 -0.003286 0.074151 0.000000
7.220000 -0.008449 0.073961 0.000000
7.230000 -0.013714 0.073786 0.000000
7.240000 -0.019088 0.073627 0.000000
7.250000 -0.024580 0.073486 0.000000
7.260000 -0.030199 0.073361 0.000000
7.270000 -0.035955 0.073256 0.000000
7.280000 -0.041859 0.073171 0.000000
7.290000 -0.047922 0.073107 0.000000
7.300000 -0.054157 0.073066 0.000000
7.310000 -0.060577 0.073049 0.000000
7.320000 -0.067196 0.073060 0.000000
7.330000 -0.074032 0.073099 0.000000
7.340000 -0.081102 0.073171 0.000000
7.350000 -0.088427 0.073276 0.000000
7.360000 -0.096030 0.073417 0.000000
7.370000 -0.103934 0.073600 0.000000
7.380000 -0.112166 0.073827 0.000000
7.390000 -0.120756 0.074104 0.000000
7.400000 -0.129733 0.074434 0.000000
7.410000 -0.139133 0.074826 0.000000
7.420000 -0.148991 0.075281 0.000000
7.430000 -0.159346 0.075810 0.000000
7.440000 -0.170241 0.076419 0.000000
7.450000 -0.181721 0.077117 0.000000
7.460000 -0.193370 0.077905 0.000000
7.470000 -0.203909 0.078773 0.000000
7.480000 -0.213254 0.079697 0.000000
7.490000 -0.221423 0.080642 0.000000
7.500000 -0.228454 0.081584 0.000000
7.510000 -0.234394 0.082503 0.000000
7.520000 -0.239295 0.083385 0.000000
7.530000 -0.243212 0.084220 0.000000
7.540000 -0.246199 0.085010 0.000000
7.550000 -0.248310 0.085742 0.000000
7.560000 -0.249598 0.086416 0.000000
7.570000 -0.250114 0.087031 0.000000
7.580000 -0.249909 0.087583 0.000000
7.590000 -0.249033 0.088072 0.000000
7.600000 -0.247535 0.088500 0.000000
7.610000 -0.245466 0.088861 0.000000
7.620000 -0.242875 0.089159 0.000000
7.630000 -0.239813 0.089397 0.000000
7.640000 -0.236328 0.089569 0.000000
7.650000 -0.232471 0.089680 0.000000
7.660000 -0.228289 0.089734 0.000000
7.670000 -0.223831 0.089735 0.000000
7.680000 -0.219142 0.089686 0.000000
7.690000 -0.214267 0.089589 0.000000
7.700000 -0.209246 0.089449 0.000000
7.710000 -0.204119 0.089271 0.000000
7.720000 -0.198923 0.089057 0.000000
7.730000 -0.193690 0.088817 0.000000
7.740000 -0.188450 0.088545 0.000000
7.750000 -0.183231 0.088253 0.000000
7.760000 -0.178055 0.087941 0.000000
7.770000 -0.172942 0.087611 0.000000
7.780000 -0.167910 0.087268 0.000000
7.790000 -0.162972 0.086914 0.000000
7.800000 -0.158140 0.086549 0.000000
7.810000 -0.153421 0.086177 0.000000
7.820000 -0.148823 0.085798 0.000000
7.830000 -0.144348 0.085416 0.000000
7.840000 -0.139999 0.085030 0.000000
7.850000 -0.135777 0.084643 0.000000
7.860000 -0.131680 0.084257 0.000000
7.870000 -0.127707 0.083870 0.000000
7.880000 -0.123855 0.083487 0.000000
7.890000 -0.120121 0.083106 0.000000
7.900000 -0.116500 0.082730 0.000000
7.910000 -0.112989 0.082358 0.000000
7.920000 -0.109582 0.081991 0.000000
7.930000 -0.106277 0.081631 0.000000
7.940000 -0.103069 0.081277 0.000000
7.950000 -0.099954 0.080928 0.000000
7.960000 -0.096928 0.080587 0.000000
7.970000 -0.093988 0.080252 0.000000
7.980000 -0.091129 0.079924 0.000000
7.990000 -0.088351 0.079602 0.000000
8.000000 -0.085648 0.079286 0.000000
8.010000 -0.083020 0.078976 0.000000
8.020000 -0.080463 0.078671 0.000000
8.030000 -0.077976 0.078369 0.000000
8.040000 -0.075557 0.078065 0.000000
8.050000 -0.073207 0.077780 0.000000
8.060000 -0.070928 0.077512 0.000000
8.070000 -0.068716 0.077251 0.000000
8.080000 -0.066568 0.076992 0.000000
8.090000 -0.064481 0.076736 0.000000
8.100000 -0.062454 0.076484 0.000000
8.110000 -0.060486 0.076231 0.000000
8.120000 -0.058575 0.075978 0.000000
8.130000 -0.056719 0.075743 0.000000
8.140000 -0.054916 0.075523 0.000000
8.150000 -0.053165 0.075307 0.000000
8.160000 -0.051467 0.075095 0.000000
8.170000 -0.049819 0.074888 0.000000
8.180000 -0.048222 0.074685 0.000000
8.190000 -0.046675 0.074489 0.000000
8.200000 -0.045176 0.074298 0.000000
8.210000 -0.043726 0.074112 0.000000
8.220000 -0.042323 0.073932 0.000000
8.230000 -0.040967 0.073757 0.000000
8.240000 -0.039655 0.073587 0.000000
8.250000 -0.038388 0.073422 0.000000
8.260000 -0.037163 0.073260 0.000000
8.270000 -0.035980 0.073104 0.000000
8.280000 -0.034837 0.072951 0.000000
8.290000 -0.033733 0.072802 0.000000
8.300000 -0.032666 0.072656 0.000000
8.310000 -0.031636 0.072513 0.000000
8.320000 -0.030641 0.072372 0.000000
8.330000 -0.029680 0.072235 0.000000
8.340000 -0.028751 0.072099 0.000000
8.350000 -0.027854 0.071967 0.000000
8.360000 -0.026987 0.071838 0.000000
8.370000 -0.026149 0.071710 0.000000
8.380000 -0.025340 0.071584 0.000000
8.390000 -0.024557 0.071460 0.000000
8.400000 -0.023800 0.071340 0.000000
8.410000 -0.023069 0.071222 0.000000
8.420000 -0.022362 0.071107 0.000000
8.430000 -0.021677 0.070994 0.000000
8.440000 -0.021016 0.070885 0.000000
8.450000 -0.020375 0.070778 0.000000
8.460000 -0.019760 0.070674 0.000000
8.470000 -0.020199 0.070575 0.000000
8.480000 -0.022381 0.070490 0.000000
8.490000 -0.026125 0.070427 0.000000
8.500000 -0.031228 0.070396 0.000000
8.510000 -0.037482 0.070401 0.000000
8.520000 -0.044685 0.070442 0.000000
8.530000 -0.052648 0.070518 0.000000
8.540000 -0.061198 0.070628 0.000000
8.550000 -0.070179 0.070772 0.000000
8.560000 -0.079455 0.070950 0.000000
8.570000 -0.088910 0.071162 0.000000
8.580000 -0.098442 0.071411 0.000000
8.590000 -0.107966 0.071700 0.000000
8.600000 -0.117410 0.072029 0.000000
8.610000 -0.126714 0.072399 0.000000
8.620000 -0.135829 0.072814 0.000000
8.630000 -0.144712 0.073273 0.000000
8.640000 -0.153329 0.073774 0.000000
8.650000 -0.161651 0.074317 0.000000
8.660000 -0.169656 0.074899 0.000000
8.670000 -0.177321 0.075515 0.000000
8.680000 -0.184630 0.076162 0.000000
8.690000 -0.191568 0.076838 0.000000
8.700000 -0.198123 0.077533 0.000000
8.710000 -0.204284 0.078247 0.000000
8.720000 -0.210042 0.078971 0.000000
8.730000 -0.215391 0.079703 0.000000
8.740000 -0.220323 0.080435 0.000000
8.750000 -0.224837 0.081166 0.000000
8.760000 -0.228929 0.081887 0.000000
8.770000 -0.232599 0.082596 0.000000
8.780000 -0.235847 0.083291 0.000000
8.790000 -0.238676 0.083965 0.000000
8.800000 -0.241091 0.084620 0.000000
8.810000 -0.243097 0.085248 0.000000
8.820000 -0.244700 0.085854 0.000000
8.830000 -0.245911 0.086432 0.000000
8.840000 -0.246737 0.086976 0.000000
8.850000 -0.247191 0.087496 0.000000
8.860000 -0.247285 0.087982 0.000000
8.870000 -0.247031 0.088438 0.000000
8.880000 -0.246444 0.088860 0.000000
8.890000 -0.245540 0.089251 0.000000
8.900000 -0.244332 0.089608 0.000000
8.910000 -0.242837 0.089929 0.000000
8.920000 -0.241072 0.090214 0.000000
8.930000 -0.239052 0.090470 0.000000
8.940000 -0.236795 0.090689 0.000000
8.950000 -0.234317 0.090870 0.000000
8.960000 -0.231635 0.091015 0.000000
8.970000 -0.228764 0.091129 0.000000
8.980000 -0.225720 0.091205 0.000000
8.990000 -0.222520 0.091246 0.000000
9.000000 -0.219176 0.091254 0.000000
9.010000 -0.215705 0.091226 0.000000
9.020000 -0.212119 0.091166 0.000000
9.030000 -0.208432 0.091076 0.000000
9.040000 -0.204655 0.090954 0.000000
9.050000 -0.200799 0.090801 0.000000
9.060000 -0.196876 0.090622 0.000000
9.070000 -0.192895 0.090415 0.000000
9.080000 -0.188864 0.090185 0.000000
9.090000 -0.184793 0.089928 0.000000
9.100000 -0.180686 0.089653 0.000000
9.110000 -0.176553 0.089357 0.000000
9.120000 -0.172396 0.089041 0.000000
9.130000 -0.168223 0.088709 0.000000
9.140000 -0.164037 0.088362 0.000000
9.150000 -0.159840 0.088001 0.000000
9.160000 -0.155638 0.087628 0.000000
9.170000 -0.151431 0.087244 0.000000
9.180000 -0.147221 0.086853 0.000000
9.190000 -0.143011 0.086452 0.000000
9.200000 -0.138800 0.086044 0.000000
9.210000 -0.134590 0.085633 0.000000
9.220000 -0.130381 0.085217 0.000000
9.230000 -0.126173 0.084796 0.000000
9.240000 -0.121965 0.084375 0.000000
9.250000 -0.117756 0.083953 0.000000
9.260000 -0.113548 0.083532 0.000000
9.270000 -0.109337 0.083110 0.000000
9.280000 -0.105123 0.082691 0.000000
9.290000 -0.100906 0.082273 0.000000
9.300000 -0.096683 0.081859 0.000000
9.310000 -0.092453 0.081449 0.000000
9.320000 -0.088213 0.081042 0.000000
9.330000 -0.083963 0.080639 0.000000
9.340000 -0.079700 0.080236 0.000000
9.350000 -0.075421 0.079828 0.000000
9.360000 -0.071132 0.079456 0.000000
9.370000 -0.066828 0.079094 0.000000
9.380000 -0.062504 0.078737 0.000000
9.390000 -0.058155 0.078384 0.000000
9.400000 -0.053775 0.078036 0.000000
9.410000 -0.049362 0.077694 0.000000
9.420000 -0.044910 0.077354 0.000000
9.430000 -0.040416 0.077011 0.000000
9.440000 -0.035873 0.076703 0.000000
9.450000 -0.031277 0.076408 0.000000
9.460000 -0.026624 0.076120 0.000000
9.470000 -0.021909 0.075842 0.000000
9.480000 -0.017128 0.075572 0.000000
9.490000 -0.012275 0.075314 0.000000
9.500000 -0.007347 0.075068 0.000000
9.510000 -0.002338 0.074834 0.000000
9.520000 0.002760 0.074614 0.000000
9.530000 0.007950 0.074408 0.000000
9.540000 0.013242 0.074217 0.000000
9.550000 0.018642 0.074041 0.000000
9.560000 0.024158 0.073884 0.000000
9.570000 0.029801 0.073742 0.000000
9.580000 0.035580 0.073620 0.000000
9.590000 0.041505 0.073517 0.000000
9.600000 0.047588 0.073435 0.000000
9.610000 0.053842 0.073376 0.000000
9.620000 0.060280 0.073339 0.000000
9.630000 0.066916 0.073331 0.000000
9.640000 0.073767 0.073351 0.000000
9.650000 0.080852 0.073401 0.000000
9.660000 0.088190 0.073485 0.000000
9.670000 0.095805 0.073608 0.000000
9.680000 0.103720 0.073769 0.000000
9.690000 0.111962 0.073975 0.000000
9.700000 0.120561 0.074229 0.000000
9.710000 0.129546 0.074536 0.000000
9.720000 0.138953 0.074903 0.000000
9.730000 0.148817 0.075336 0.000000
9.740000 0.159178 0.075840 0.000000
9.750000 0.170078 0.076425 0.000000
9.760000 0.181561 0.077098 0.000000
9.770000 0.193217 0.077863 0.000000
9.780000 0.203763 0.078712 0.000000
9.790000 0.213115 0.079632 0.000000
9.800000 0.221291 0.080595 0.000000
9.810000 0.228327 0.081578 0.000000
9.820000 0.234271 0.082561 0.000000
9.830000 0.239174 0.083525 0.000000
9.840000 0.243091 0.084454 0.000000
9.850000 0.246075 0.085334 0.000000
9.860000 0.248181 0.086157 0.000000
9.870000 0.249461 0.086912 0.000000
9.880000 0.249965 0.087596 0.000000
9.890000 0.249745 0.088205 0.000000
9.900000 0.248850 0.088736 0.000000
9.910000 0.247331 0.089188 0.000000
9.920000 0.245238 0.089570 0.000000
9.930000 0.242622 0.089879 0.000000
9.940000 0.239533 0.090119 0.000000
9.950000 0.236022 0.090296 0.000000
9.960000 0.232140 0.090410 0.000000
9.970000 0.227936 0.090473 0.000000
9.980000 0.223459 0.090480 0.000000
9.990000 0.218754 0.090444 0.000000
10.000000 0.213867 0.090363 0.000000
10.010000 0.208840 0.090245 0.000000
10.020000 0.203712 0.090090 0.000000
10.030000 0.198518 0.089901 0.000000
10.040000 0.193293 0.089681 0.000000
10.050000 0.188065 0.089434 0.000000
10.060000 0.182860 0.089161 0.000000
10.070000 0.177701 0.088866 0.000000
10.080000 0.172609 0.088547 0.000000
10.090000 0.167598 0.088210 0.000000
10.100000 0.162682 0.087856 0.000000
10.110000 0.157872 0.087487 0.000000
10.120000 0.153175 0.087106 0.000000
10.130000 0.148598 0.086715 0.000000
10.140000 0.144143 0.086315 0.000000
10.150000 0.139813 0.085909 0.000000
10.160000 0.135608 0.085499 0.000000
10.170000 0.131526 0.085089 0.000000
10.180000 0.127567 0.084675 0.000000
10.190000 0.123728 0.084266 0.000000
10.200000 0.120004 0.083858 0.000000
10.210000 0.116393 0.083456 0.000000
10.220000 0.112891 0.083059 0.000000
10.230000 0.109493 0.082666 0.000000
10.240000 0.106195 0.082282 0.000000
10.250000 0.102994 0.081903 0.000000
10.260000 0.099886 0.081532 0.000000
10.270000 0.096866 0.081169 0.000000
10.280000 0.093931 0.080812 0.000000
10.290000 0.091078 0.080463 0.000000
10.300000 0.088305 0.080120 0.000000
10.310000 0.085608 0.079785 0.000000
10.320000 0.082985 0.079455 0.000000
10.330000 0.080432 0.079127 0.000000
10.340000 0.077949 0.078801 0.000000
10.350000 0.075535 0.078477 0.000000
10.360000 0.073190 0.078175 0.000000
10.370000 0.070917 0.077889 0.000000
10.380000 0.068710 0.077607 0.000000
10.390000 0.066566 0.077327 0.000000
10.400000 0.064484 0.077049 0.000000
10.410000 0.062461 0.076771 0.000000
10.420000 0.060497 0.076498 0.000000
10.430000 0.058589 0.076220 0.000000
10.440000 0.056736 0.075970 0.000000
10.450000 0.054935 0.075732 0.000000
10.460000 0.053187 0.075498 0.000000
10.470000 0.051490 0.075268 0.000000
10.480000 0.049845 0.075043 0.000000
10.490000 0.048249 0.074825 0.000000
10.500000 0.046704 0.074613 0.000000
10.510000 0.045207 0.074407 0.000000
10.520000 0.043758 0.074207 0.000000
10.530000 0.042357 0.074015 0.000000
10.540000 0.041002 0.073829 0.000000
10.550000 0.039692 0.073650 0.000000
10.560000 0.038426 0.073475 0.000000
10.570000 0.037202 0.073306 0.000000
10.580000 0.036021 0.073141 0.000000
10.590000 0.034878 0.072980 0.000000
10.600000 0.033776 0.072823 0.000000
10.610000 0.032709 0.072670 0.000000
10.620000 0.031680 0.072519 0.000000
10.630000 0.030686 0.072373 0.000000
10.640000 0.029725 0.072230 0.000000
10.650000 0.028797 0.072089 0.000000
10.660000 0.027900 0.071951 0.000000
10.670000 0.027033 0.071815 0.000000
10.680000 0.026197 0.071683 0.000000
10.690000 0.025386 0.071553 0.000000
10.700000 0.024604 0.071426 0.000000
10.710000 0.023847 0.071300 0.000000
10.720000 0.023115 0.071181 0.000000
10.730000 0.022407 0.071061 0.000000
10.740000 0.021723 0.070946 0.000000
10.750000 0.021060 0.070834 0.000000
10.760000 0.020420 0.070725 0.000000
10.770000 0.019799 0.070619 0.000000
10.780000 0.019201 0.070515 0.000000
10.790000 0.018619 0.070415 0.000000
10.800000 0.018056 0.070320 0.000000
10.810000 0.017512 0.070226 0.000000
10.820000 0.016985 0.070134 0.000000
10.830000 0.016475 0.070046 0.000000
10.840000 0.015980 0.069961 0.000000
10.850000 0.015502 0.069879 0.000000
10.860000 0.015038 0.069798 0.000000
10.870000 0.014590 0.069721 0.000000
10.880000 0.014155 0.069646 0.000000
10.890000 0.013734 0.069573 0.000000
10.900000 0.013324 0.069502 0.000000
10.910000 0.012929 0.069432 0.000000
10.920000 0.012545 0.069368 0.000000
10.930000 0.012175 0.069302 0.000000
10.940000 0.011813 0.069238 0.000000
10.950000 0.011461 0.069177 0.000000
10.960000 0.011122 0.069116 0.000000
10.970000 0.010792 0.069058 0.000000
10.980000 0.010477 0.069001 0.000000
10.990000 0.010165 0.068945 0.000000
11.000000 0.009866 0.068890 0.000000
11.010000 0.009573 0.068836 0.000000
11.020000 0.009295 0.068783 0.000000
11.030000 0.009021 0.068732 0.000000
11.040000 0.008750 0.068682 0.000000
11.050000 0.008496 0.068632 0.000000
11.060000 0.008244 0.068584 0.000000
11.070000 0.008003 0.068537 0.000000
11.080000 0.007762 0.068491 0.000000
11.090000 0.007535 0.068444 0.000000
11.100000 0.007313 0.068401 0.000000
11.110000 0.007095 0.068358 0.000000
11.120000 0.006892 0.068315 0.000000
11.130000 0.006685 0.068274 0.000000
11.140000 0.006489 0.068234 0.000000
11.150000 0.006298 0.068195 0.000000
11.160000 0.006109 0.068156 0.000000
11.170000 0.005928 0.068119 0.000000
11.180000 0.005753 0.068085 0.000000
11.190000 0.005584 0.068049 0.000000
11.200000 0.005425 0.068014 0.000000
11.210000 0.005261 0.067982 0.000000
11.220000 0.005104 0.067950 0.000000
11.230000 0.004956 0.067919 0.000000
11.240000 0.004813 0.067890 0.000000
11.250000 0.004665 0.067860 0.000000
11.260000 0.004527 0.067832 0.000000
11.270000 0.004394 0.067806 0.000000
11.280000 0.004263 0.067780 0.000000
11.290000 0.004141 0.067753 0.000000
11.300000 0.004016 0.067728 0.000000
11.310000 0.003908 0.067705 0.000000
11.320000 0.003791 0.067682 0.000000
11.330000 0.003683 0.067660 0.000000
11.340000 0.003564 0.067638 0.000000
11.350000 0.003457 0.067614 0.000000
11.360000 0.003356 0.067594 0.000000
11.370000 0.003266 0.067574 0.000000
11.380000 0.003173 0.067551 0.000000
11.390000 0.003076 0.067534 0.000000
11.400000 0.002975 0.067514 0.000000
11.410000 0.002890 0.067496 0.000000
11.420000 0.002802 0.067478 0.000000
11.430000 0.002734 0.067458 0.000000
11.440000 0.002648 0.067440 0.000000
11.450000 0.002571 0.067423 0.000000
11.460000 0.002499 0.067406 0.000000
11.470000 0.002410 0.067388 0.000000
11.480000 0.002343 0.067376 0.000000
11.490000 0.002270 0.067356 0.000000
11.500000 0.002223 0.067340 0.000000
11.510000 0.002144 0.067324 0.000000
11.520000 0.002078 0.067308 0.000000
11.530000 0.002020 0.067294 0.000000
11.540000 0.001975 0.067281 0.000000
11.550000 0.001894 0.067267 0.000000
11.560000 0.001840 0.067257 0.000000
11.570000 0.001787 0.067240 0.000000
11.580000 0.001746 0.067230 0.000000
11.590000 0.001677 0.067216 0.000000
11.600000 0.001624 0.067205 0.000000
11.610000 0.001576 0.067194 0.000000
11.620000 0.001528 0.067183 0.000000
11.630000 0.001485 0.067170 0.000000
11.640000 0.001460 0.067161 0.000000
11.650000 0.001408 0.067149 0.000000
11.660000 0.001355 0.067139 0.000000
11.670000 0.001333 0.067131 0.000000
11.680000 0.001283 0.067123 0.000000
11.690000 0.001234 0.067113 0.000000
11.700000 0.001214 0.067104 0.000000
11.710000 0.001203 0.067094 0.000000
11.720000 0.001163 0.067085 0.000000
11.730000 0.001128 0.067080 0.000000
11.740000 0.001107 0.067074 0.000000
11.750000 0.001057 0.067064 0.000000
11.760000 0.001002 0.067056 0.000000
11.770000 0.000964 0.067049 0.000000
11.780000 0.000969 0.067043 0.000000
11.790000 0.000918 0.067036 0.000000
11.800000 0.000888 0.067028 0.000000
11.810000 0.000873 0.067023 0.000000
11.820000 0.000840 0.067015 0.000000
11.830000 0.000804 0.067010 0.000000
11.840000 0.000842 0.067005 0.000000
11.850000 0.000759 0.066995 0.000000
11.860000 0.000726 0.066987 0.000000
11.870000 0.000729 0.066984 0.000000
11.880000 0.000751 0.066977 0.000000
11.890000 0.000708 0.066966 0.000000
11.900000 0.000665 0.066964 0.000000
11.910000 0.000632 0.066963 0.000000
11.920000 0.000607 0.066956 0.000000
11.930000 0.000587 0.066949 0.000000
11.940000 0.000571 0.066944 0.000000
11.950000 0.000560 0.066939 0.000000
11.960000 0.000557 0.066938 0.000000
11.970000 0.000564 0.066931 0.000000
11.980000 0.000586 0.066924 0.000000
11.990000 0.000544 0.066920 0.000000
12.000000 0.000489 0.066919 0.000000
12.010000 0.000446 0.066917 0.000000
12.020000 0.000425 0.066908 0.000000
12.030000 0.000434 0.066904 0.000000
12.040000 0.000475 0.066911 0.000000
12.050000 0.000480 0.066901 0.000000
12.060000 0.000404 0.066897 0.000000
12.070000 0.000356 0.066896 0.000000
12.080000 0.000348 0.066897 0.000000
12.090000 0.000381 0.066882 0.000000
12.100000 0.000442 0.066879 0.000000
12.110000 0.000399 0.066882 0.000000
12.120000 0.000331 0.066879 0.000000
12.130000 0.000286 0.066868 0.000000
12.140000 0.000268 0.066864 0.000000
12.150000 0.000272 0.066868 0.000000
12.160000 0.000287 0.066868 0.000000
12.170000 0.000305 0.066861 0.000000
12.180000 0.000317 0.066852 0.000000
12.190000 0.000319 0.066851 0.000000
12.200000 0.000308 0.066854 0.000000
12.210000 0.000282 0.066857 0.000000
12.220000 0.000242 0.066861 0.000000
12.230000 0.000195 0.066846 0.000000
12.240000 0.000165 0.066843 0.000000
12.250000 0.000201 0.066846 0.000000
12.260000 0.000311 0.066840 0.000000
12.270000 0.000265 0.066832 0.000000
12.280000 0.000130 0.066853 0.000000
12.290000 0.000247 0.066840 0.000000
12.300000 0.000220 0.066834 0.000000
12.310000 0.000154 0.066825 0.000000
12.320000 0.000239 0.066846 0.000000
12.330000 0.000179 0.066828 0.000000
12.340000 0.000127 0.066826 0.000000
12.350000 0.000327 0.066820 0.000000
12.360000 0.000189 0.066826 0.000000
12.370000 0.000069 0.066842 0.000000
12.380000 0.000060 0.066832 0.000000
12.390000 0.000090 0.066820 0.000000
12.400000 0.000081 0.066815 0.000000
12.410000 0.000027 0.066802 0.000000
12.420000 0.000086 0.066804 0.000000
12.430000 0.000244 0.066825 0.000000
12.440000 -0.000214 0.066816 0.000000
12.450000 -0.000055 0.066802 0.000000
12.460000 0.000290 0.066795 0.000000
12.470000 0.000094 0.066831 0.000000
12.480000 0.000133 0.066810 0.000000
12.490000 0.000297 0.066819 0.000000
12.500000 0.000271 0.066812 0.000000
12.510000 -0.000235 0.066806 0.000000
12.520000 -0.000266 0.066806 0.000000
12.530000 0.000302 0.066810 0.000000
12.540000 0.000134 0.066803 0.000000
12.550000 0.000106 0.066830 0.000000
12.560000 0.000247 0.066791 0.000000
12.570000 -0.000140 0.066786 0.000000
12.580000 -0.000062 0.066805 0.000000
12.590000 0.000185 0.066805 0.000000
12.600000 0.000228 0.066825 0.000000
12.610000 0.000191 0.066822 0.000000
12.620000 0.000070 0.066811 0.000000
12.630000 -0.000134 0.066796 0.000000
12.640000 -0.000235 0.066820 0.000000
12.650000 0.000144 0.066816 0.000000
12.660000 0.000048 0.066806 0.000000
12.670000 0.000147 0.066807 0.000000
12.680000 0.000152 0.066820 0.000000
12.690000 -0.000063 0.066795 0.000000
12.700000 -0.000123 0.066822 0.000000
12.710000 -0.000248 0.066797 0.000000
12.720000 0.000136 0.066807 0.000000
12.730000 0.000033 0.066802 0.000000
12.740000 0.000096 0.066782 0.000000
12.750000 -0.000053 0.066791 0.000000
12.760000 -0.000098 0.066793 0.000000
12.770000 -0.000293 0.066800 0.000000
12.780000 0.000078 0.066800 0.000000
12.790000 0.000087 0.066826 0.000000
12.800000 0.000136 0.066824 0.000000
12.810000 -0.000068 0.066810 0.000000
12.820000 -0.000120 0.066793 0.000000
12.830000 -0.000217 0.066816 0.000000
12.840000 0.000214 0.066826 0.000000
12.850000 0.000126 0.066814 0.000000
12.860000 0.000166 0.066803 0.000000
12.870000 0.000306 0.066797 0.000000
12.880000 -0.000009 0.066776 0.000000
12.890000 -0.000212 0.066800 0.000000
12.900000 -0.000281 0.066812 0.000000
12.910000 0.000213 0.066805 0.000000
12.920000 0.000009 0.066791 0.000000
12.930000 0.000291 0.066822 0.000000
12.940000 -0.000203 0.066790 0.000000
12.950000 -0.000208 0.066805 0.000000
12.960000 -0.000269 0.066818 0.000000
12.970000 0.000037 0.066823 0.000000
12.980000 0.000136 0.066812 0.000000
12.990000 0.000151 0.066808 0.000000
13.000000 -0.000011 0.066807 0.000000
13.010000 -0.000294 0.066797 0.000000
13.020000 0.000133 0.066800 0.000000
13.030000 0.000138 0.066797 0.000000
13.040000 0.000311 0.066819 0.000000
13.050000 0.000031 0.066811 0.000000
13.060000 -0.000074 0.066796 0.000000
13.070000 -0.000007 0.066789 0.000000
13.080000 0.000244 0.066801 0.000000
13.090000 0.000055 0.066814 0.000000
13.100000 0.000049 0.066801 0.000000
13.110000 -0.000229 0.066801 0.000000
13.120000 -0.000016 0.066817 0.000000
13.130000 -0.000067 0.066806 0.000000
13.140000 0.000076 0.066801 0.000000
13.150000 0.000194 0.066793 0.000000
13.160000 0.000262 0.066790 0.000000
13.170000 -0.000127 0.066823 0.000000
13.180000 -0.000212 0.066799 0.000000
13.190000 -0.000156 0.066812 0.000000
13.200000 0.000289 0.066801 0.000000
13.210000 0.000083 0.066794 0.000000
13.220000 0.000072 0.066797 0.000000
13.230000 -0.000283 0.066808 0.000000
13.240000 -0.000122 0.066802 0.000000
13.250000 0.000189 0.066814 0.000000
13.260000 0.000105 0.066782 0.000000
13.270000 0.000163 0.066798 0.000000
13.280000 -0.000018 0.066806 0.000000
13.290000 -0.000150 0.066802 0.000000
13.300000 -0.000071 0.066776 0.000000
13.310000 0.000256 0.066795 0.000000
13.320000 0.000251 0.066795 0.000000
13.330000 0.000078 0.066799 0.000000
13.340000 -0.000146 0.066808 0.000000
13.350000 -0.000051 0.066834 0.000000
13.360000 -0.000062 0.066813 0.000000
13.370000 0.000097 0.066796 0.000000
13.380000 0.000041 0.066807 0.000000
13.390000 0.000103 0.066812 0.000000
13.400000 -0.000039 0.066794 0.000000
13.410000 -0.000109 0.066784 0.000000
13.420000 0.000016 0.066807 0.000000
13.430000 0.000157 0.066798 0.000000
13.440000 0.000070 0.066787 0.000000
13.450000 -0.000267 0.066799 0.000000
13.460000 -0.000264 0.066807 0.000000
13.470000 -0.000004 0.066808 0.000000
13.480000 0.000058 0.066812 0.000000
13.490000 0.000109 0.066785 0.000000
13.500000 0.000057 0.066805 0.000000
13.510000 -0.000014 0.066804 0.000000
13.520000 -0.000234 0.066804 0.000000
13.530000 -0.000131 0.066794 0.000000
13.540000 0.000216 0.066791 0.000000
13.550000 0.000059 0.066812 0.000000
13.560000 0.000160 0.066798 0.000000
13.570000 -0.000099 0.066802 0.000000
13.580000 -0.000115 0.066797 0.000000
13.590000 0.000055 0.066831 0.000000
13.600000 0.000088 0.066795 0.000000
13.610000 0.000008 0.066801 0.000000
13.620000 0.000219 0.066789 0.000000
