0.0 4.898587196589413e-16 0.0 0.0
0.1 0 0.0 0.0
0.2 0 0.0 0.0
0.30000000000000004 0 0.0 0.0
0.4 0 0.0 0.0
0.5 0 0.0 0.0
0.6000000000000001 0 0.10000000000000009 0.0
0.7000000000000001 0 0.20000000000000007 0.0
0.8 0 0.30000000000000004 0.0
0.9 0 0.4 0.0
1.0 0 0.5 0.0
1.1 0 0.6000000000000001 0.0
1.2000000000000002 0 0.7000000000000002 0.0
1.3 0 0.8 0.0
1.4000000000000001 0 0.9000000000000001 0.0
1.5 0 1.0 0.0
1.6 0 1.0 0.0
1.7000000000000002 0 1.0 0.0
1.8 0 1.0 0.0
1.9000000000000001 0 1.0 0.0
2.0 0 1.0 0.0
2.1 0 1.0 0.0
2.2 0 1.0 0.0
2.3000000000000003 0 1.0 0.0
2.4000000000000004 0 1.0 0.0
2.5 0 1.0 0.0
2.6 0 1.0 0.0
2.7 0 1.0 0.0
2.8000000000000003 0 1.0 0.0
2.9000000000000004 0 1.0 0.0
3.0 0 1.0 0.0
3.1 0 1.0 0.0
3.2 0 1.0 0.0
3.3000000000000003 0 1.0 0.0
3.4000000000000004 0 1.0 0.0
3.5 0 1.0 0.0
3.6 0 1.0 0.0
3.7 0 1.0 0.0
3.8000000000000003 0 1.0 0.0
3.9000000000000004 0 1.0 0.0
4.0 0 1.0 0.0
4.1000000000000005 0 1.0 0.0
4.2 0 1.0 0.0
4.3 0 1.0 0.0
4.4 0 1.0 0.0
4.5 0 1.0 0.0
4.6000000000000005 0 0.8399999999999981 0.0
4.7 0 0.6799999999999988 0.0
4.800000000000001 0 0.5199999999999978 0.0
4.9 0 0.35999999999999854 0.0
5.0 0 0.1999999999999993 0.0
5.1000000000000005 0.06266661678215246 0.2 0.0
5.2 0.12434494358242751 0.2 0.0
5.300000000000001 0.18406227634233938 0.2 0.0
5.4 0.24087683705085786 0.2 0.0
5.5 0.29389262614623657 0.2 0.0
5.6000000000000005 0.34227355296434453 0.2 0.0
5.7 0.3852566213878947 0.2 0.0
5.800000000000001 0.4221639627510078 0.2 0.0
5.9 0.45241352623300984 0.2 0.0
6.0 0.47552825814757677 0.2 0.0
6.1000000000000005 0.4911436253643444 0.2 0.0
6.2 0.4990133642141358 0.2 0.0
6.300000000000001 0.4990133642141358 0.2 0.0
6.4 0.4911436253643443 0.2 0.0
6.5 0.4755282581475768 0.2 0.0
6.6000000000000005 0.4524135262330096 0.2 0.0
6.7 0.4221639627510075 0.2 0.0
6.800000000000001 0.38525662138789435 0.2 0.0
6.9 0.34227355296434425 0.2 0.0
7.0 0.2938926261462366 0.2 0.0
7.1000000000000005 0.2408768370508574 0.2 0.0
7.2 0.18406227634233888 0.2 0.0
7.300000000000001 0.12434494358242698 0.2 0.0
7.4 0.06266661678215205 0.2 0.0
7.5 6.123233995736766e-17 0.2 0.0
7.6000000000000005 -0.06266661678215237 0.2 0.0
7.7 -0.12434494358242751 0.2 0.0
7.800000000000001 -0.18406227634233938 0.2 0.0
7.9 -0.2408768370508577 0.2 0.0
8.0 -0.2938926261462365 0.2 0.0
8.1 -0.3422735529643442 0.2 0.0
8.200000000000001 -0.38525662138789496 0.2 0.0
8.3 -0.42216396275100765 0.2 0.0
8.4 -0.4524135262330099 0.2 0.0
8.5 -0.47552825814757677 0.2 0.0
8.6 -0.49114362536434425 0.2 0.0
8.700000000000001 -0.49901336421413583 0.2 0.0
8.8 -0.4990133642141358 0.2 0.0
8.9 -0.4911436253643443 0.2 0.0
9.0 -0.4755282581475768 0.2 0.0
9.1 -0.45241352623300995 0.2 0.0
9.200000000000001 -0.42216396275100726 0.2 0.0
9.3 -0.3852566213878945 0.2 0.0
9.4 -0.34227355296434414 0.2 0.0
9.5 -0.2938926261462367 0.2 0.0
9.600000000000001 -0.24087683705085688 0.2 0.0
9.700000000000001 -0.18406227634233852 0.2 0.0
9.8 -0.12434494358242724 0.2 0.0
9.9 -0.0626666167821519 0.2 0.0
10.0 -1.2246467991473532e-16 0.2 0.0
10.100000000000001 0.125333233564306 0.2 0.0
10.200000000000001 0.2486898871648561 0.2 0.0
10.3 0.36812455268467875 0.2 0.0
10.4 0.4817536741017157 0.2 0.0
10.5 0.5877852522924731 0.2 0.0
10.600000000000001 0.68454710592869 0.2 0.0
10.700000000000001 0.77051324277579 0.2 0.0
10.8 0.8443279255020156 0.2 0.0
10.9 0.9048270524660197 0.2 0.0
11.0 0.9510565162951535 0.2 0.0
11.100000000000001 0.9822872507286889 0.2 0.0
11.200000000000001 0.9980267284282717 0.2 0.0
11.3 0.9980267284282716 0.2 0.0
11.4 0.9822872507286886 0.2 0.0
11.5 0.9510565162951536 0.2 0.0
11.600000000000001 0.9048270524660187 0.2 0.0
11.700000000000001 0.8443279255020144 0.2 0.0
11.8 0.7705132427757887 0.2 0.0
11.9 0.6845471059286885 0.2 0.0
12.0 0.5877852522924732 0.2 0.0
12.100000000000001 0.48175367410171366 0.2 0.0
12.200000000000001 0.3681245526846769 0.2 0.0
12.3 0.24868988716485396 0.2 0.0
12.4 0.1253332335643041 0.2 0.0
12.5 1.2246467991473532e-16 0.2 0.0
12.600000000000001 -0.12533323356430606 0.2 0.0
12.700000000000001 -0.24868988716485588 0.2 0.0
12.8 -0.36812455268467875 0.2 0.0
12.9 -0.4817536741017154 0.2 0.0
13.0 -0.587785252292473 0.2 0.0
13.100000000000001 -0.68454710592869 0.2 0.0
13.200000000000001 -0.7705132427757899 0.2 0.0
13.3 -0.8443279255020153 0.2 0.0
13.4 -0.9048270524660198 0.2 0.0
13.5 -0.9510565162951535 0.2 0.0
13.600000000000001 -0.982287250728689 0.2 0.0
13.700000000000001 -0.9980267284282717 0.2 0.0
13.8 -0.9980267284282716 0.2 0.0
13.9 -0.9822872507286886 0.2 0.0
14.0 -0.9510565162951536 0.2 0.0
14.100000000000001 -0.9048270524660188 0.2 0.0
14.200000000000001 -0.8443279255020145 0.2 0.0
14.3 -0.770513242775789 0.2 0.0
14.4 -0.6845471059286883 0.2 0.0
14.5 -0.5877852522924734 0.2 0.0
14.600000000000001 -0.48175367410171377 0.2 0.0
14.700000000000001 -0.36812455268467703 0.2 0.0
14.8 -0.2486898871648545 0.2 0.0
14.9 -0.1253332335643038 0.2 0.0
15.0 -2.4492935982947064e-16 0.2 0.0
