0.010000 0.000000 0.000000 0.000000
0.020000 0.000000 0.000000 0.000000
0.030000 0.000000 0.000000 0.000000
0.040000 0.000000 0.000000 0.000000
0.050000 0.000000 0.000000 0.000000
0.060000 0.000000 0.000000 0.000000
0.070000 0.000000 0.000000 0.000000
0.080000 0.000000 0.000000 0.000000
0.090000 0.000000 0.000000 0.000000
0.100000 0.000000 0.000000 0.000000
0.110000 0.000000 0.000000 0.000000
0.120000 0.000000 0.000000 0.000000
0.130000 0.000000 0.000000 0.000000
0.140000 0.000000 0.000000 0.000000
0.150000 0.000000 0.000000 0.000000
0.160000 0.000000 0.000000 0.000000
0.170000 0.000000 0.000000 0.000000
0.180000 0.000000 0.000000 0.000000
0.190000 0.000000 0.000000 0.000000
0.200000 0.000000 0.000000 0.000000
0.210000 0.000000 0.000000 0.000000
0.220000 0.000000 0.000000 0.000000
0.230000 0.000000 0.000000 0.000000
0.240000 0.000000 0.000000 0.000000
0.250000 0.000000 0.000000 0.000000
0.260000 0.000000 0.000000 0.000000
0.270000 0.000000 0.000000 0.000000
0.280000 0.000000 0.000000 0.000000
0.290000 0.000000 0.000000 0.000000
0.300000 0.000000 0.000000 0.000000
0.310000 0.000000 0.000000 0.000000
0.320000 0.000000 0.000000 0.000000
0.330000 0.000000 0.000000 0.000000
0.340000 0.000000 0.000000 0.000000
0.350000 0.000000 0.000000 0.000000
0.360000 0.000000 0.000000 0.000000
0.370000 0.000000 0.000000 0.000000
0.380000 0.000000 0.000000 0.000000
0.390000 0.000000 0.000000 0.000000
0.400000 0.000000 0.000000 0.000000
0.410000 0.000000 0.000000 0.000000
0.420000 0.000000 0.000000 0.000000
0.430000 0.000000 0.000000 0.000000
0.440000 0.000000 0.000000 0.000000
0.450000 0.000000 0.000000 0.000000
0.460000 0.000000 0.000000 0.000000
0.470000 0.000000 0.000000 0.000000
0.480000 0.000000 0.000000 0.000000
0.490000 0.000000 0.000000 0.000000
0.500000 0.000000 0.000000 0.000000
0.510000 0.000000 0.000000 0.000000
0.520000 0.000000 0.000000 0.000000
0.530000 0.000000 0.000000 0.000000
0.540000 0.000000 0.000000 0.000000
0.550000 0.000000 0.000000 0.000000
0.560000 0.000000 0.000000 0.000000
0.570000 0.000000 0.000000 0.000000
0.580000 0.000000 0.000000 0.000000
0.590000 0.000000 0.000000 0.000000
0.600000 0.000000 0.000000 0.000000
0.610000 0.000000 0.000000 0.000000
0.620000 0.000000 0.000000 0.000000
0.630000 0.000000 0.000000 0.000000
0.640000 0.000000 0.000000 0.000000
0.650000 0.000000 0.000000 0.000000
0.660000 0.000000 0.000000 0.000000
0.670000 0.000000 0.000000 0.000000
0.680000 0.000000 0.000000 0.000000
0.690000 0.000000 0.000000 0.000000
0.700000 0.000000 0.000000 0.000000
0.710000 0.000000 0.000000 0.000000
0.720000 0.000000 0.000000 0.000000
0.730000 0.000000 0.000000 0.000000
0.740000 0.000000 0.000000 0.000000
0.750000 0.000000 0.000000 0.000000
0.760000 0.000000 0.000000 0.000000
0.770000 0.000000 0.000000 0.000000
0.780000 0.000000 0.000000 0.000000
0.790000 0.000000 0.000000 0.000000
0.800000 0.000000 0.000000 0.000000
0.810000 0.000000 0.000000 0.000000
0.820000 0.000000 0.000000 0.000000
0.830000 0.000000 0.000000 0.000000
0.840000 0.000000 0.000000 0.000000
0.850000 0.000000 0.000000 0.000000
0.860000 0.000000 0.000000 0.000000
0.870000 0.000000 0.000000 0.000000
0.880000 0.000000 0.000000 0.000000
0.890000 0.000000 0.000000 0.000000
0.900000 0.000000 0.000000 0.000000
0.910000 0.000000 0.000000 0.000000
0.920000 0.000000 0.000000 0.000000
0.930000 0.000000 0.000000 0.000000
0.940000 0.000000 0.000000 0.000000
0.950000 0.000000 0.000000 0.000000
0.960000 0.000000 0.000000 0.000000
0.970000 0.000000 0.000000 0.000000
0.980000 0.000000 0.000000 0.000000
0.990000 0.000000 0.000000 0.000000
1.000000 0.000000 0.000000 0.000000
1.010000 0.003208 1.000000 0.000000
1.020000 0.003229 1.000000 0.000000
1.030000 0.003274 1.000000 0.000000
1.040000 0.003336 1.000000 0.000000
1.050000 0.003405 1.000000 0.000000
1.060000 0.003481 1.000000 0.000000
1.070000 0.003558 1.000000 0.000000
1.080000 0.003633 1.000000 0.000000
1.090000 0.003699 1.000000 0.000000
1.100000 0.003758 1.000000 0.000000
1.110000 0.003810 1.000000 0.000000
1.120000 0.003847 1.000000 0.000000
1.130000 0.003870 1.000000 0.000000
1.140000 0.003880 1.000000 0.000000
1.150000 0.003881 1.000000 0.000000
1.160000 0.003860 1.000000 0.000000
1.170000 0.003821 1.000000 0.000000
1.180000 0.003771 1.000000 0.000000
1.190000 0.003708 1.000000 0.000000
1.200000 0.003634 1.000000 0.000000
1.210000 0.003543 1.000000 0.000000
1.220000 0.003448 1.000000 0.000000
1.230000 0.003345 1.000000 0.000000
1.240000 0.003234 1.000000 0.000000
1.250000 0.003120 1.000000 0.000000
1.260000 0.003009 1.000000 0.000000
1.270000 0.002894 1.000000 0.000000
1.280000 0.002780 1.000000 0.000000
1.290000 0.002667 1.000000 0.000000
1.300000 0.002563 1.000000 0.000000
1.310000 0.002478 1.000000 0.000000
1.320000 0.002422 1.000000 0.000000
1.330000 0.002411 1.000000 0.000000
1.340000 0.002464 1.000000 0.000000
1.350000 0.002578 1.000000 0.000000
1.360000 0.002770 1.000000 0.000000
1.370000 0.003046 1.000000 0.000000
1.380000 0.003400 1.000000 0.000000
1.390000 0.003816 1.000000 0.000000
1.400000 0.004291 1.000000 0.000000
1.410000 0.004812 1.000000 0.000000
1.420000 0.005373 1.000000 0.000000
1.430000 0.005947 1.000000 0.000000
1.440000 0.006523 1.000000 0.000000
1.450000 0.007099 1.000000 0.000000
1.460000 0.007674 1.000000 0.000000
1.470000 0.008237 1.000000 0.000000
1.480000 0.008793 1.000000 0.000000
1.490000 0.009343 1.000000 0.000000
1.500000 0.009885 1.000000 0.000000
1.510000 0.010427 1.000000 0.000000
1.520000 0.010969 1.000000 0.000000
1.530000 0.011513 1.000000 0.000000
1.540000 0.012057 1.000000 0.000000
1.550000 0.012604 1.000000 0.000000
1.560000 0.013150 1.000000 0.000000
1.570000 0.013665 1.000000 0.000000
1.580000 0.014113 1.000000 0.000000
1.590000 0.014500 1.000000 0.000000
1.600000 0.014841 1.000000 0.000000
1.610000 0.015143 1.000000 0.000000
1.620000 0.015342 1.000000 0.000000
1.630000 0.015124 1.000000 0.000000
1.640000 0.014459 1.000000 0.000000
1.650000 0.013523 1.000000 0.000000
1.660000 0.012445 1.000000 0.000000
1.670000 0.011314 1.000000 0.000000
1.680000 0.010190 1.000000 0.000000
1.690000 0.009115 1.000000 0.000000
1.700000 0.008113 1.000000 0.000000
1.710000 0.007203 1.000000 0.000000
1.720000 0.006385 1.000000 0.000000
1.730000 0.005668 1.000000 0.000000
1.740000 0.005036 1.000000 0.000000
1.750000 0.004480 1.000000 0.000000
1.760000 0.003990 1.000000 0.000000
1.770000 0.003544 1.000000 0.000000
1.780000 0.003126 1.000000 0.000000
1.790000 0.002707 1.000000 0.000000
1.800000 0.002277 1.000000 0.000000
1.810000 0.001809 1.000000 0.000000
1.820000 0.001316 1.000000 0.000000
1.830000 0.000758 1.000000 0.000000
1.840000 0.000111 1.000000 0.000000
1.850000 -0.000609 1.000000 0.000000
1.860000 -0.001336 1.000000 0.000000
1.870000 -0.002112 1.000000 0.000000
1.880000 -0.002937 1.000000 0.000000
1.890000 -0.003807 1.000000 0.000000
1.900000 -0.004699 1.000000 0.000000
1.910000 -0.005600 1.000000 0.000000
1.920000 -0.006504 1.000000 0.000000
1.930000 -0.007406 1.000000 0.000000
1.940000 -0.008293 1.000000 0.000000
1.950000 -0.009157 1.000000 0.000000
1.960000 -0.009997 1.000000 0.000000
1.970000 -0.010800 1.000000 0.000000
1.980000 -0.011569 1.000000 0.000000
1.990000 -0.012297 1.000000 0.000000
2.000000 -0.012985 1.000000 0.000000
2.010000 -0.013632 1.000000 0.000000
2.020000 -0.014233 1.000000 0.000000
2.030000 -0.014793 1.000000 0.000000
2.040000 -0.015310 1.000000 0.000000
2.050000 -0.015786 1.000000 0.000000
2.060000 -0.016221 1.000000 0.000000
2.070000 -0.016618 1.000000 0.000000
2.080000 -0.016977 1.000000 0.000000
2.090000 -0.017301 1.000000 0.000000
2.100000 -0.017590 1.000000 0.000000
2.110000 -0.017848 1.000000 0.000000
2.120000 -0.018073 1.000000 0.000000
2.130000 -0.018271 1.000000 0.000000
2.140000 -0.018442 1.000000 0.000000
2.150000 -0.018591 1.000000 0.000000
2.160000 -0.018719 1.000000 0.000000
2.170000 -0.018827 1.000000 0.000000
2.180000 -0.018922 1.000000 0.000000
2.190000 -0.019000 1.000000 0.000000
2.200000 -0.019070 1.000000 0.000000
2.210000 -0.019130 1.000000 0.000000
2.220000 -0.019185 1.000000 0.000000
2.230000 -0.019239 1.000000 0.000000
2.240000 -0.019289 1.000000 0.000000
2.250000 -0.019337 1.000000 0.000000
2.260000 -0.019387 1.000000 0.000000
2.270000 -0.019438 1.000000 0.000000
2.280000 -0.019492 1.000000 0.000000
2.290000 -0.019546 1.000000 0.000000
2.300000 -0.019603 1.000000 0.000000
2.310000 -0.019658 1.000000 0.000000
2.320000 -0.019712 1.000000 0.000000
2.330000 -0.019765 1.000000 0.000000
2.340000 -0.019815 1.000000 0.000000
2.350000 -0.019859 1.000000 0.000000
2.360000 -0.019895 1.000000 0.000000
2.370000 -0.019926 1.000000 0.000000
2.380000 -0.019946 1.000000 0.000000
2.390000 -0.019958 1.000000 0.000000
2.400000 -0.019959 1.000000 0.000000
2.410000 -0.019948 1.000000 0.000000
2.420000 -0.019927 1.000000 0.000000
2.430000 -0.019893 1.000000 0.000000
2.440000 -0.019849 1.000000 0.000000
2.450000 -0.019793 1.000000 0.000000
2.460000 -0.019727 1.000000 0.000000
2.470000 -0.019652 1.000000 0.000000
2.480000 -0.019567 1.000000 0.000000
2.490000 -0.019476 1.000000 0.000000
2.500000 -0.019378 1.000000 0.000000
2.510000 -0.019276 1.000000 0.000000
2.520000 -0.019170 1.000000 0.000000
2.530000 -0.019062 1.000000 0.000000
2.540000 -0.018955 1.000000 0.000000
2.550000 -0.018847 1.000000 0.000000
2.560000 -0.018744 1.000000 0.000000
2.570000 -0.018641 1.000000 0.000000
2.580000 -0.018544 1.000000 0.000000
2.590000 -0.018453 1.000000 0.000000
2.600000 -0.018366 1.000000 0.000000
2.610000 -0.018288 1.000000 0.000000
2.620000 -0.018218 1.000000 0.000000
2.630000 -0.018155 1.000000 0.000000
2.640000 -0.018098 1.000000 0.000000
2.650000 -0.018049 1.000000 0.000000
2.660000 -0.018010 1.000000 0.000000
2.670000 -0.017975 1.000000 0.000000
2.680000 -0.017945 1.000000 0.000000
2.690000 -0.017921 1.000000 0.000000
2.700000 -0.017903 1.000000 0.000000
2.710000 -0.017887 1.000000 0.000000
2.720000 -0.017875 1.000000 0.000000
2.730000 -0.017862 1.000000 0.000000
2.740000 -0.017851 1.000000 0.000000
2.750000 -0.017839 1.000000 0.000000
2.760000 -0.017825 1.000000 0.000000
2.770000 -0.017810 1.000000 0.000000
2.780000 -0.017791 1.000000 0.000000
2.790000 -0.017768 1.000000 0.000000
2.800000 -0.017743 1.000000 0.000000
2.810000 -0.017711 1.000000 0.000000
2.820000 -0.017677 1.000000 0.000000
2.830000 -0.017639 1.000000 0.000000
2.840000 -0.017596 1.000000 0.000000
2.850000 -0.017548 1.000000 0.000000
2.860000 -0.017497 1.000000 0.000000
2.870000 -0.017446 1.000000 0.000000
2.880000 -0.017389 1.000000 0.000000
2.890000 -0.017362 1.000000 0.000000
2.900000 -0.017390 1.000000 0.000000
2.910000 -0.017481 1.000000 0.000000
2.920000 -0.017630 1.000000 0.000000
2.930000 -0.017830 1.000000 0.000000
2.940000 -0.018074 1.000000 0.000000
2.950000 -0.018356 1.000000 0.000000
2.960000 -0.018672 1.000000 0.000000
2.970000 -0.019008 1.000000 0.000000
2.980000 -0.019360 1.000000 0.000000
2.990000 -0.019722 1.000000 0.000000
3.000000 -0.020082 1.000000 0.000000
3.010000 -0.020434 1.000000 0.000000
3.020000 -0.020769 1.000000 0.000000
3.030000 -0.021082 1.000000 0.000000
3.040000 -0.021365 1.000000 0.000000
3.050000 -0.021614 1.000000 0.000000
3.060000 -0.021829 1.000000 0.000000
3.070000 -0.022007 1.000000 0.000000
3.080000 -0.022150 1.000000 0.000000
3.090000 -0.022257 1.000000 0.000000
3.100000 -0.022335 1.000000 0.000000
3.110000 -0.022384 1.000000 0.000000
3.120000 -0.022410 1.000000 0.000000
3.130000 -0.022415 1.000000 0.000000
3.140000 -0.022407 1.000000 0.000000
3.150000 -0.022387 1.000000 0.000000
3.160000 -0.022358 1.000000 0.000000
3.170000 -0.022326 1.000000 0.000000
3.180000 -0.022287 1.000000 0.000000
3.190000 -0.022250 1.000000 0.000000
3.200000 -0.022206 1.000000 0.000000
3.210000 -0.022160 1.000000 0.000000
3.220000 -0.022111 1.000000 0.000000
3.230000 -0.022059 1.000000 0.000000
3.240000 -0.021998 1.000000 0.000000
3.250000 -0.021930 1.000000 0.000000
3.260000 -0.021854 1.000000 0.000000
3.270000 -0.021767 1.000000 0.000000
3.280000 -0.021666 1.000000 0.000000
3.290000 -0.021555 1.000000 0.000000
3.300000 -0.021432 0.999261 0.000000
3.310000 -0.021294 0.979231 0.000000
3.320000 -0.021142 0.959228 0.000000
3.330000 -0.020979 0.939290 0.000000
3.340000 -0.020803 0.919377 0.000000
3.350000 -0.020616 0.899436 0.000000
3.360000 -0.020413 0.879405 0.000000
3.370000 -0.020193 0.859252 0.000000
3.380000 -0.019945 0.838942 0.000000
3.390000 -0.019659 0.818546 0.000000
3.400000 -0.019305 0.798389 0.000000
3.410000 -0.018849 0.779089 0.000000
3.420000 -0.018254 0.761269 0.000000
3.430000 -0.017494 0.745369 0.000000
3.440000 -0.016557 0.731410 0.000000
3.450000 -0.015473 0.719080 0.000000
3.460000 -0.014276 0.707919 0.000000
3.470000 -0.013006 0.697418 0.000000
3.480000 -0.011694 0.687219 0.000000
3.490000 -0.010377 0.677079 0.000000
3.500000 -0.009080 0.666817 0.000000
3.510000 -0.007820 0.656388 0.000000
3.520000 -0.006619 0.645793 0.000000
3.530000 -0.005468 0.635092 0.000000
3.540000 -0.004392 0.624378 0.000000
3.550000 -0.003394 0.613759 0.000000
3.560000 -0.002470 0.603341 0.000000
3.570000 -0.001643 0.593235 0.000000
3.580000 -0.000895 0.583514 0.000000
3.590000 -0.000240 0.574249 0.000000
3.600000 0.000505 0.565463 0.000000
3.610000 0.001045 0.557202 0.000000
3.620000 0.001534 0.549432 0.000000
3.630000 0.001949 0.542121 0.000000
3.640000 0.002309 0.535214 0.000000
3.650000 0.002630 0.528651 0.000000
3.660000 0.002865 0.522362 0.000000
3.670000 0.003070 0.516288 0.000000
3.680000 0.003235 0.510347 0.000000
3.690000 0.003357 0.504481 0.000000
3.700000 0.003441 0.498641 0.000000
3.710000 0.003502 0.492788 0.000000
3.720000 0.003532 0.486890 0.000000
3.730000 0.003547 0.480933 0.000000
3.740000 0.003528 0.474924 0.000000
3.750000 0.003500 0.468856 0.000000
3.760000 0.003465 0.462745 0.000000
3.770000 0.003396 0.456612 0.000000
3.780000 0.003343 0.450480 0.000000
3.790000 0.003278 0.444375 0.000000
3.800000 0.003203 0.438321 0.000000
3.810000 0.003111 0.432353 0.000000
3.820000 0.003037 0.426477 0.000000
3.830000 0.002947 0.420722 0.000000
3.840000 0.002865 0.415102 0.000000
3.850000 0.002788 0.409620 0.000000
3.860000 0.002716 0.404281 0.000000
3.870000 0.002631 0.399086 0.000000
3.880000 0.002551 0.394028 0.000000
3.890000 0.002479 0.389102 0.000000
3.900000 0.002425 0.384299 0.000000
3.910000 0.002333 0.379601 0.000000
3.920000 0.002271 0.375001 0.000000
3.930000 0.002206 0.370485 0.000000
3.940000 0.002135 0.366041 0.000000
3.950000 0.002089 0.361660 0.000000
3.960000 0.002010 0.357329 0.000000
3.970000 0.001949 0.353052 0.000000
3.980000 0.001894 0.348806 0.000000
3.990000 0.001849 0.344607 0.000000
4.000000 0.001785 0.340444 0.000000
4.010000 0.001724 0.336324 0.000000
4.020000 0.001687 0.332239 0.000000
4.030000 0.001605 0.328202 0.000000
4.040000 0.001565 0.324213 0.000000
4.050000 0.001509 0.320271 0.000000
4.060000 0.001443 0.316390 0.000000
4.070000 0.001415 0.312565 0.000000
4.080000 0.001380 0.308803 0.000000
4.090000 0.001306 0.305101 0.000000
4.100000 0.001247 0.301468 0.000000
4.110000 0.001193 0.297894 0.000000
4.120000 0.001147 0.294388 0.000000
4.130000 0.001143 0.290946 0.000000
4.140000 0.001063 0.287563 0.000000
4.150000 0.001023 0.284243 0.000000
4.160000 0.001003 0.280979 0.000000
4.170000 0.000948 0.277770 0.000000
4.180000 0.000913 0.274613 0.000000
4.190000 0.000868 0.271505 0.000000
4.200000 0.000856 0.268444 0.000000
4.210000 0.000836 0.265432 0.000000
4.220000 0.000735 0.262460 0.000000
4.230000 0.000720 0.259533 0.000000
4.240000 0.000667 0.256642 0.000000
4.250000 0.000688 0.253793 0.000000
4.260000 0.000638 0.250983 0.000000
4.270000 0.000606 0.248214 0.000000
4.280000 0.000584 0.245481 0.000000
4.290000 0.000590 0.242792 0.000000
4.300000 0.000475 0.240140 0.000000
4.310000 0.000449 0.237526 0.000000
4.320000 0.000459 0.234955 0.000000
4.330000 0.000397 0.232420 0.000000
4.340000 0.000418 0.229926 0.000000
4.350000 0.000344 0.227472 0.000000
4.360000 0.000328 0.225056 0.000000
4.370000 0.000350 0.222680 0.000000
4.380000 0.000310 0.220340 0.000000
4.390000 0.000322 0.218039 0.000000
4.400000 0.000318 0.215772 0.000000
4.410000 0.000228 0.213545 0.000000
4.420000 0.000203 0.211352 0.000000
4.430000 0.000331 0.209189 0.000000
4.440000 0.000339 0.207061 0.000000
4.450000 0.000160 0.204968 0.000000
4.460000 0.000209 0.202903 0.000000
4.470000 0.000106 0.200872 0.000000
4.480000 0.000175 0.198870 0.000000
4.490000 0.000091 0.196899 0.000000
4.500000 0.000302 0.194956 0.000000
4.510000 0.000281 0.193043 0.000000
4.520000 0.000117 0.191159 0.000000
4.530000 0.000273 0.189305 0.000000
4.540000 -0.000209 0.187475 0.000000
4.550000 -0.000071 0.185677 0.000000
4.560000 -0.000056 0.183907 0.000000
4.570000 -0.000022 0.182163 0.000000
4.580000 0.000282 0.180444 0.000000
4.590000 0.000122 0.178748 0.000000
4.600000 0.000132 0.177081 0.000000
4.610000 0.000293 0.175439 0.000000
4.620000 -0.000028 0.173823 0.000000
4.630000 -0.000105 0.172235 0.000000
4.640000 -0.000105 0.170670 0.000000
4.650000 0.000014 0.169129 0.000000
4.660000 0.000240 0.167612 0.000000
4.670000 0.000020 0.166117 0.000000
4.680000 0.000188 0.164647 0.000000
4.690000 -0.000281 0.163197 0.000000
4.700000 -0.000266 0.161772 0.000000
4.710000 -0.000284 0.160371 0.000000
4.720000 0.000221 0.158989 0.000000
4.730000 0.000130 0.157627 0.000000
4.740000 0.000027 0.156286 0.000000
4.750000 0.000078 0.154960 0.000000
4.760000 -0.000168 0.153658 0.000000
4.770000 -0.000232 0.152378 0.000000
4.780000 -0.000254 0.151121 0.000000
4.790000 0.000220 0.149876 0.000000
4.800000 0.000117 0.148655 0.000000
4.810000 0.000070 0.147447 0.000000
4.820000 -0.000185 0.146260 0.000000
4.830000 -0.000220 0.145095 0.000000
4.840000 -0.000219 0.143947 0.000000
4.850000 0.000164 0.142808 0.000000
4.860000 0.000157 0.141693 0.000000
4.870000 -0.000136 0.140594 0.000000
4.880000 -0.000202 0.139513 0.000000
4.890000 -0.000211 0.138450 0.000000
4.900000 0.000170 0.137399 0.000000
4.910000 0.000236 0.136373 0.000000
4.920000 0.000096 0.135353 0.000000
4.930000 -0.000112 0.134348 0.000000
4.940000 -0.000205 0.133361 0.000000
4.950000 -0.000124 0.132403 0.000000
4.960000 0.000066 0.131445 0.000000
4.970000 0.000094 0.130504 0.000000
4.980000 0.000175 0.129575 0.000000
4.990000 -0.000206 0.128664 0.000000
5.000000 -0.000110 0.127774 0.000000
5.010000 -0.000058 0.126888 0.000000
5.020000 0.000085 0.126023 0.000000
5.030000 0.000226 0.125163 0.000000
5.040000 0.000054 0.124310 0.000000
5.050000 -0.000076 0.123493 0.000000
5.060000 -0.000125 0.122672 0.000000
5.070000 -0.000046 0.121875 0.000000
5.080000 -0.000094 0.121078 0.000000
5.090000 0.000214 0.120294 0.000000
5.100000 0.000083 0.119531 0.000000
5.110000 0.000020 0.118774 0.000000
5.120000 -0.000027 0.118031 0.000000
5.130000 -0.000125 0.117301 0.000000
5.140000 -0.000080 0.116583 0.000000
5.150000 0.000084 0.115872 0.000000
5.160000 0.000120 0.115172 0.000000
5.170000 0.000039 0.114483 0.000000
5.180000 -0.000067 0.113804 0.000000
5.190000 -0.000126 0.113139 0.000000
5.200000 -0.000131 0.112479 0.000000
5.210000 0.000040 0.111826 0.000000
5.220000 0.000006 0.111186 0.000000
5.230000 0.000109 0.110556 0.000000
5.240000 -0.000146 0.109933 0.000000
5.250000 -0.000038 0.109322 0.000000
5.260000 -0.000084 0.108730 0.000000
5.270000 -0.000027 0.108138 0.000000
5.280000 0.000091 0.107564 0.000000
5.290000 0.000123 0.106986 0.000000
5.300000 0.000024 0.106425 0.000000
5.310000 -0.000082 0.105872 0.000000
5.320000 -0.000123 0.105327 0.000000
5.330000 -0.000045 0.104787 0.000000
5.340000 0.000102 0.104256 0.000000
5.350000 0.000024 0.103730 0.000000
5.360000 0.000103 0.103216 0.000000
5.370000 -0.000041 0.102709 0.000000
5.380000 -0.000020 0.102213 0.000000
5.390000 -0.000076 0.101722 0.000000
5.400000 0.000030 0.101236 0.000000
5.410000 0.000025 0.100759 0.000000
5.420000 0.000071 0.100293 0.000000
5.430000 -0.000048 0.099825 0.000000
5.440000 -0.000022 0.099377 0.000000
5.450000 0.001111 0.098929 0.000000
5.460000 0.005386 0.098483 0.000000
5.470000 0.012498 0.098029 0.000000
5.480000 0.022010 0.097566 0.000000
5.490000 0.033474 0.097106 0.000000
5.500000 0.046459 0.096671 0.000000
5.510000 0.060563 0.096314 0.000000
5.520000 0.075429 0.096062 0.000000
5.530000 0.090751 0.095947 0.000000
5.540000 0.106267 0.095994 0.000000
5.550000 0.121765 0.096221 0.000000
5.560000 0.137072 0.096636 0.000000
5.570000 0.152051 0.097240 0.000000
5.580000 0.166596 0.098029 0.000000
5.590000 0.180630 0.098993 0.000000
5.600000 0.194095 0.100122 0.000000
5.610000 0.206951 0.101408 0.000000
5.620000 0.219169 0.102843 0.000000
5.630000 0.230729 0.104419 0.000000
5.640000 0.241616 0.106130 0.000000
5.650000 0.251819 0.107972 0.000000
5.660000 0.261327 0.109939 0.000000
5.670000 0.270132 0.112036 0.000000
5.680000 0.278228 0.114257 0.000000
5.690000 0.285606 0.116601 0.000000
5.700000 0.292261 0.119071 0.000000
5.710000 0.298186 0.121667 0.000000
5.720000 0.303378 0.124390 0.000000
5.730000 0.307832 0.127238 0.000000
5.740000 0.311546 0.130219 0.000000
5.750000 0.314521 0.133325 0.000000
5.760000 0.316755 0.136566 0.000000
5.770000 0.318252 0.139937 0.000000
5.780000 0.319015 0.143440 0.000000
5.790000 0.319047 0.147058 0.000000
5.800000 0.318355 0.150813 0.000000
5.810000 0.316945 0.154684 0.000000
5.820000 0.314823 0.158669 0.000000
5.830000 0.312000 0.162756 0.000000
5.840000 0.308484 0.166931 0.000000
5.850000 0.304286 0.171196 0.000000
5.860000 0.299418 0.175513 0.000000
5.870000 0.293894 0.179879 0.000000
5.880000 0.287729 0.184279 0.000000
5.890000 0.280940 0.188682 0.000000
5.900000 0.273544 0.193012 0.000000
5.910000 0.265552 0.197345 0.000000
5.920000 0.256990 0.201696 0.000000
5.930000 0.247893 0.206026 0.000000
5.940000 0.238298 0.210277 0.000000
5.950000 0.228243 0.214423 0.000000
5.960000 0.217767 0.218411 0.000000
5.970000 0.206909 0.222189 0.000000
5.980000 0.195710 0.225649 0.000000
5.990000 0.184236 0.228528 0.000000
6.000000 0.172532 0.230968 0.000000
6.010000 0.160637 0.232973 0.000000
6.020000 0.148601 0.234510 0.000000
6.030000 0.136480 0.235563 0.000000
6.040000 0.124335 0.236135 0.000000
6.050000 0.112229 0.236254 0.000000
6.060000 0.100228 0.235902 0.000000
6.070000 0.088397 0.235092 0.000000
6.080000 0.076800 0.233833 0.000000
6.090000 0.065496 0.232115 0.000000
6.100000 0.054540 0.229937 0.000000
6.110000 0.043978 0.227308 0.000000
6.120000 0.033850 0.224220 0.000000
6.130000 0.024184 0.220684 0.000000
6.140000 0.014999 0.216714 0.000000
6.150000 0.006303 0.212357 0.000000
6.160000 -0.001908 0.207665 0.000000
6.170000 -0.009652 0.202687 0.000000
6.180000 -0.016959 0.197502 0.000000
6.190000 -0.023875 0.192204 0.000000
6.200000 -0.030456 0.186875 0.000000
6.210000 -0.036775 0.181621 0.000000
6.220000 -0.042913 0.176530 0.000000
6.230000 -0.048964 0.171691 0.000000
6.240000 -0.055027 0.167161 0.000000
6.250000 -0.061204 0.162987 0.000000
6.260000 -0.067597 0.159178 0.000000
6.270000 -0.074303 0.155711 0.000000
6.280000 -0.081414 0.152541 0.000000
6.290000 -0.089006 0.149583 0.000000
6.300000 -0.097126 0.146956 0.000000
6.310000 -0.105823 0.144562 0.000000
6.320000 -0.115175 0.142269 0.000000
6.330000 -0.125252 0.140044 0.000000
6.340000 -0.136116 0.137890 0.000000
6.350000 -0.147827 0.135983 0.000000
6.360000 -0.160442 0.134317 0.000000
6.370000 -0.174025 0.132906 0.000000
6.380000 -0.188656 0.131812 0.000000
6.390000 -0.204437 0.131099 0.000000
6.400000 -0.221490 0.130823 0.000000
6.410000 -0.239955 0.131043 0.000000
6.420000 -0.258101 0.131771 0.000000
6.430000 -0.274495 0.132985 0.000000
6.440000 -0.289175 0.134647 0.000000
6.450000 -0.302218 0.136713 0.000000
6.460000 -0.313714 0.139141 0.000000
6.470000 -0.323752 0.141895 0.000000
6.480000 -0.332413 0.144938 0.000000
6.490000 -0.339765 0.148229 0.000000
6.500000 -0.345863 0.151734 0.000000
6.510000 -0.350749 0.155396 0.000000
6.520000 -0.354454 0.159184 0.000000
6.530000 -0.357002 0.163063 0.000000
6.540000 -0.358412 0.167013 0.000000
6.550000 -0.358703 0.171015 0.000000
6.560000 -0.357891 0.175084 0.000000
6.570000 -0.355996 0.179209 0.000000
6.580000 -0.353042 0.183412 0.000000
6.590000 -0.349051 0.187623 0.000000
6.600000 -0.344054 0.191969 0.000000
6.610000 -0.338096 0.196505 0.000000
6.620000 -0.331232 0.201251 0.000000
6.630000 -0.323523 0.206193 0.000000
6.640000 -0.315037 0.211306 0.000000
6.650000 -0.305843 0.216587 0.000000
6.660000 -0.296014 0.221992 0.000000
6.670000 -0.285618 0.227479 0.000000
6.680000 -0.274724 0.232974 0.000000
6.690000 -0.263396 0.238468 0.000000
6.700000 -0.251683 0.243863 0.000000
6.710000 -0.239635 0.248997 0.000000
6.720000 -0.227305 0.253878 0.000000
6.730000 -0.214753 0.258509 0.000000
6.740000 -0.202042 0.262898 0.000000
6.750000 -0.189236 0.267061 0.000000
6.760000 -0.176399 0.270995 0.000000
6.770000 -0.163596 0.274705 0.000000
6.780000 -0.150877 0.277438 0.000000
6.790000 -0.138267 0.279336 0.000000
6.800000 -0.125803 0.280627 0.000000
6.810000 -0.113533 0.281369 0.000000
6.820000 -0.101503 0.281577 0.000000
6.830000 -0.089770 0.280790 0.000000
6.840000 -0.078479 0.277896 0.000000
6.850000 -0.067690 0.275120 0.000000
6.860000 -0.057471 0.272593 0.000000
6.870000 -0.047934 0.270240 0.000000
6.880000 -0.039195 0.268122 0.000000
6.890000 -0.031356 0.266282 0.000000
6.900000 -0.024494 0.264672 0.000000
6.910000 -0.018662 0.263133 0.000000
6.920000 -0.013884 0.261425 0.000000
6.930000 -0.010153 0.259310 0.000000
6.940000 -0.007437 0.256541 0.000000
6.950000 -0.005677 0.252931 0.000000
6.960000 -0.004798 0.248365 0.000000
6.970000 -0.004706 0.242798 0.000000
6.980000 -0.005301 0.236284 0.000000
6.990000 -0.006475 0.228970 0.000000
7.000000 -0.008118 0.221059 0.000000
7.010000 -0.010120 0.212803 0.000000
7.020000 -0.012375 0.204482 0.000000
7.030000 -0.014780 0.196360 0.000000
7.040000 -0.017237 0.188659 0.000000
7.050000 -0.019650 0.181539 0.000000
7.060000 -0.021929 0.175083 0.000000
7.070000 -0.023990 0.169327 0.000000
7.080000 -0.025751 0.164247 0.000000
7.090000 -0.027142 0.159792 0.000000
7.100000 -0.028098 0.155893 0.000000
7.110000 -0.028570 0.152481 0.000000
7.120000 -0.028520 0.149469 0.000000
7.130000 -0.027930 0.146770 0.000000
7.140000 -0.026798 0.144320 0.000000
7.150000 -0.025140 0.142033 0.000000
7.160000 -0.023040 0.139852 0.000000
7.170000 -0.022664 0.137752 0.000000
7.180000 -0.024966 0.135696 0.000000
7.190000 -0.029642 0.133686 0.000000
7.200000 -0.036351 0.131747 0.000000
7.210000 -0.044749 0.129908 0.000000
7.220000 -0.054499 0.128203 0.000000
7.230000 -0.065287 0.126669 0.000000
7.240000 -0.076832 0.125337 0.000000
7.250000 -0.088883 0.124237 0.000000
7.260000 -0.101225 0.123393 0.000000
7.270000 -0.113675 0.122818 0.000000
7.280000 -0.126083 0.122519 0.000000
7.290000 -0.138323 0.122494 0.000000
7.300000 -0.150295 0.122736 0.000000
7.310000 -0.161917 0.123230 0.000000
7.320000 -0.173127 0.123951 0.000000
7.330000 -0.183872 0.124880 0.000000
7.340000 -0.194115 0.125989 0.000000
7.350000 -0.203822 0.127250 0.000000
7.360000 -0.212968 0.128640 0.000000
7.370000 -0.221533 0.130131 0.000000
7.380000 -0.229499 0.131699 0.000000
7.390000 -0.236852 0.133334 0.000000
7.400000 -0.243578 0.135014 0.000000
7.410000 -0.249667 0.136732 0.000000
7.420000 -0.255108 0.138480 0.000000
7.430000 -0.259895 0.140251 0.000000
7.440000 -0.264020 0.142054 0.000000
7.450000 -0.267478 0.143885 0.000000
7.460000 -0.270268 0.145751 0.000000
7.470000 -0.272388 0.147655 0.000000
7.480000 -0.273841 0.149607 0.000000
7.490000 -0.274628 0.151603 0.000000
7.500000 -0.274757 0.153658 0.000000
7.510000 -0.274234 0.155764 0.000000
7.520000 -0.273071 0.157929 0.000000
7.530000 -0.271279 0.160146 0.000000
7.540000 -0.268871 0.162413 0.000000
7.550000 -0.265865 0.164721 0.000000
7.560000 -0.262277 0.167055 0.000000
7.570000 -0.258127 0.169415 0.000000
7.580000 -0.253436 0.171769 0.000000
7.590000 -0.248226 0.174105 0.000000
7.600000 -0.242522 0.176407 0.000000
7.610000 -0.236350 0.178648 0.000000
7.620000 -0.229737 0.180812 0.000000
7.630000 -0.222713 0.182867 0.000000
7.640000 -0.215309 0.184799 0.000000
7.650000 -0.207557 0.186570 0.000000
7.660000 -0.199491 0.188180 0.000000
7.670000 -0.191147 0.189595 0.000000
7.680000 -0.182562 0.190799 0.000000
7.690000 -0.173774 0.191766 0.000000
7.700000 -0.164821 0.192505 0.000000
7.710000 -0.155744 0.192977 0.000000
7.720000 -0.146581 0.193188 0.000000
7.730000 -0.137372 0.193128 0.000000
7.740000 -0.128154 0.192796 0.000000
7.750000 -0.118965 0.192192 0.000000
7.760000 -0.109840 0.191317 0.000000
7.770000 -0.100809 0.190179 0.000000
7.780000 -0.091903 0.188799 0.000000
7.790000 -0.083145 0.187180 0.000000
7.800000 -0.074555 0.185339 0.000000
7.810000 -0.066150 0.183298 0.000000
7.820000 -0.057937 0.181080 0.000000
7.830000 -0.049921 0.178712 0.000000
7.840000 -0.042099 0.176212 0.000000
7.850000 -0.034462 0.173624 0.000000
7.860000 -0.026995 0.170964 0.000000
7.870000 -0.019677 0.168268 0.000000
7.880000 -0.012481 0.165556 0.000000
7.890000 -0.005376 0.162865 0.000000
7.900000 0.001673 0.160205 0.000000
7.910000 0.008705 0.157597 0.000000
7.920000 0.015759 0.155054 0.000000
7.930000 0.022876 0.152580 0.000000
7.940000 0.030099 0.150180 0.000000
7.950000 0.037467 0.147852 0.000000
7.960000 0.045020 0.145585 0.000000
7.970000 0.052798 0.143351 0.000000
7.980000 0.060818 0.141279 0.000000
7.990000 0.069106 0.139347 0.000000
8.000000 0.077716 0.137500 0.000000
8.010000 0.086702 0.135741 0.000000
8.020000 0.096115 0.134080 0.000000
8.030000 0.106009 0.132506 0.000000
8.040000 0.116442 0.131146 0.000000
8.050000 0.127469 0.130003 0.000000
8.060000 0.139147 0.129083 0.000000
8.070000 0.151545 0.128387 0.000000
8.080000 0.164745 0.127939 0.000000
8.090000 0.178842 0.127769 0.000000
8.100000 0.193945 0.127899 0.000000
8.110000 0.210183 0.128342 0.000000
8.120000 0.227704 0.129153 0.000000
8.130000 0.246492 0.130342 0.000000
8.140000 0.264266 0.131887 0.000000
8.150000 0.280299 0.133788 0.000000
8.160000 0.294632 0.136009 0.000000
8.170000 0.307328 0.138515 0.000000
8.180000 0.318461 0.141271 0.000000
8.190000 0.328104 0.144244 0.000000
8.200000 0.336321 0.147403 0.000000
8.210000 0.343169 0.150716 0.000000
8.220000 0.348695 0.154157 0.000000
8.230000 0.352937 0.157703 0.000000
8.240000 0.355929 0.161335 0.000000
8.250000 0.357699 0.165060 0.000000
8.260000 0.358275 0.168854 0.000000
8.270000 0.357685 0.172735 0.000000
8.280000 0.355959 0.176714 0.000000
8.290000 0.353130 0.180802 0.000000
8.300000 0.349235 0.184997 0.000000
8.310000 0.344306 0.189238 0.000000
8.320000 0.338389 0.193677 0.000000
8.330000 0.331540 0.198322 0.000000
8.340000 0.323822 0.203154 0.000000
8.350000 0.315302 0.208156 0.000000
8.360000 0.306052 0.213298 0.000000
8.370000 0.296141 0.218538 0.000000
8.380000 0.285642 0.223841 0.000000
8.390000 0.274621 0.229128 0.000000
8.400000 0.263144 0.234346 0.000000
8.410000 0.251275 0.239429 0.000000
8.420000 0.239074 0.244299 0.000000
8.430000 0.226597 0.248897 0.000000
8.440000 0.213900 0.253155 0.000000
8.450000 0.201039 0.257025 0.000000
8.460000 0.188067 0.260454 0.000000
8.470000 0.175038 0.263414 0.000000
8.480000 0.162008 0.265877 0.000000
8.490000 0.149030 0.267834 0.000000
8.500000 0.136160 0.269282 0.000000
8.510000 0.123455 0.269983 0.000000
8.520000 0.111045 0.268917 0.000000
8.530000 0.099008 0.267586 0.000000
8.540000 0.087405 0.266118 0.000000
8.550000 0.076337 0.264459 0.000000
8.560000 0.065912 0.262683 0.000000
8.570000 0.056228 0.260888 0.000000
8.580000 0.047376 0.259093 0.000000
8.590000 0.039424 0.257288 0.000000
8.600000 0.032427 0.255362 0.000000
8.610000 0.026413 0.253223 0.000000
8.620000 0.021389 0.250720 0.000000
8.630000 0.017338 0.247725 0.000000
8.640000 0.014227 0.244141 0.000000
8.650000 0.011997 0.239911 0.000000
8.660000 0.010583 0.235005 0.000000
8.670000 0.009904 0.229472 0.000000
8.680000 0.009870 0.223392 0.000000
8.690000 0.010379 0.216904 0.000000
8.700000 0.011340 0.210178 0.000000
8.710000 0.012648 0.203381 0.000000
8.720000 0.014202 0.196685 0.000000
8.730000 0.015904 0.190273 0.000000
8.740000 0.017656 0.184250 0.000000
8.750000 0.019367 0.178701 0.000000
8.760000 0.020948 0.173668 0.000000
8.770000 0.022319 0.169151 0.000000
8.780000 0.023409 0.165136 0.000000
8.790000 0.024155 0.161566 0.000000
8.800000 0.024506 0.158385 0.000000
8.810000 0.024430 0.155529 0.000000
8.820000 0.023905 0.152926 0.000000
8.830000 0.022925 0.150518 0.000000
8.840000 0.021502 0.148252 0.000000
8.850000 0.019661 0.146083 0.000000
8.860000 0.017443 0.143979 0.000000
8.870000 0.014896 0.141921 0.000000
8.880000 0.012078 0.139898 0.000000
8.890000 0.009050 0.137915 0.000000
8.900000 0.005882 0.135978 0.000000
8.910000 0.002632 0.134099 0.000000
8.920000 -0.000691 0.132278 0.000000
8.930000 -0.003887 0.130558 0.000000
8.940000 -0.007019 0.129001 0.000000
8.950000 -0.010023 0.127551 0.000000
8.960000 -0.012870 0.126207 0.000000
8.970000 -0.015541 0.125038 0.000000
8.980000 -0.018022 0.123998 0.000000
8.990000 -0.020304 0.123064 0.000000
9.000000 -0.022380 0.122224 0.000000
9.010000 -0.024250 0.121466 0.000000
9.020000 -0.025915 0.120776 0.000000
9.030000 -0.027379 0.120139 0.000000
9.040000 -0.028647 0.119537 0.000000
9.050000 -0.029729 0.118957 0.000000
9.060000 -0.030631 0.118385 0.000000
9.070000 -0.031366 0.117808 0.000000
9.080000 -0.031944 0.117218 0.000000
9.090000 -0.032379 0.116608 0.000000
9.100000 -0.032678 0.115974 0.000000
9.110000 -0.032854 0.115316 0.000000
9.120000 -0.032918 0.114634 0.000000
9.130000 -0.032881 0.113933 0.000000
9.140000 -0.032753 0.113216 0.000000
9.150000 -0.032540 0.112493 0.000000
9.160000 -0.032255 0.111765 0.000000
9.170000 -0.031904 0.111040 0.000000
9.180000 -0.031497 0.110325 0.000000
9.190000 -0.031039 0.109625 0.000000
9.200000 -0.030537 0.108943 0.000000
9.210000 -0.029997 0.108283 0.000000
9.220000 -0.029427 0.107647 0.000000
9.230000 -0.028827 0.107037 0.000000
9.240000 -0.028206 0.106452 0.000000
9.250000 -0.027569 0.105891 0.000000
9.260000 -0.026915 0.105352 0.000000
9.270000 -0.026250 0.104833 0.000000
9.280000 -0.025580 0.104333 0.000000
9.290000 -0.024900 0.103846 0.000000
9.300000 -0.024219 0.103371 0.000000
9.310000 -0.023538 0.102908 0.000000
9.320000 -0.022854 0.102450 0.000000
9.330000 -0.022174 0.101998 0.000000
9.340000 -0.021498 0.101550 0.000000
9.350000 -0.020824 0.101106 0.000000
9.360000 -0.020158 0.100663 0.000000
9.370000 -0.019496 0.100221 0.000000
9.380000 -0.018840 0.099783 0.000000
9.390000 -0.018196 0.099345 0.000000
9.400000 -0.017555 0.098910 0.000000
9.410000 -0.016925 0.098478 0.000000
9.420000 -0.016307 0.098049 0.000000
9.430000 -0.015692 0.097627 0.000000
9.440000 -0.015093 0.097208 0.000000
9.450000 -0.014503 0.096796 0.000000
9.460000 -0.013922 0.096389 0.000000
9.470000 -0.013351 0.095987 0.000000
9.480000 -0.012797 0.095594 0.000000
9.490000 -0.012248 0.095206 0.000000
9.500000 -0.011714 0.094823 0.000000
9.510000 -0.011191 0.094446 0.000000
9.520000 -0.010682 0.094076 0.000000
9.530000 -0.010189 0.093712 0.000000
9.540000 -0.009698 0.093353 0.000000
9.550000 -0.009229 0.093000 0.000000
9.560000 -0.008770 0.092650 0.000000
9.570000 -0.008321 0.092305 0.000000
9.580000 -0.007888 0.091966 0.000000
9.590000 -0.007469 0.091631 0.000000
9.600000 -0.007054 0.091300 0.000000
9.610000 -0.006659 0.090973 0.000000
9.620000 -0.006276 0.090650 0.000000
9.630000 -0.005908 0.090335 0.000000
9.640000 -0.005546 0.090023 0.000000
9.650000 -0.005201 0.089716 0.000000
9.660000 -0.004870 0.089415 0.000000
9.670000 -0.004551 0.089118 0.000000
9.680000 -0.004242 0.088826 0.000000
9.690000 -0.003944 0.088541 0.000000
9.700000 -0.003659 0.088262 0.000000
9.710000 -0.003392 0.087986 0.000000
9.720000 -0.003139 0.087718 0.000000
9.730000 -0.002877 0.087452 0.000000
9.740000 -0.002644 0.087193 0.000000
9.750000 -0.002418 0.086938 0.000000
9.760000 -0.002194 0.086690 0.000000
9.770000 -0.002002 0.086442 0.000000
9.780000 -0.001789 0.086200 0.000000
9.790000 -0.001621 0.085963 0.000000
9.800000 -0.001425 0.085727 0.000000
9.810000 -0.001273 0.085497 0.000000
9.820000 -0.001101 0.085266 0.000000
9.830000 -0.000960 0.085041 0.000000
9.840000 -0.000813 0.084821 0.000000
9.850000 -0.000686 0.084599 0.000000
9.860000 -0.000553 0.084380 0.000000
9.870000 -0.000470 0.084168 0.000000
9.880000 -0.000304 0.083953 0.000000
9.890000 -0.000374 0.083739 0.000000
9.900000 -0.000150 0.083545 0.000000
9.910000 0.000081 0.083323 0.000000
9.920000 0.000267 0.083119 0.000000
9.930000 0.000350 0.082918 0.000000
9.940000 0.000326 0.082730 0.000000
9.950000 0.000352 0.082537 0.000000
9.960000 0.000405 0.082346 0.000000
9.970000 0.000480 0.082159 0.000000
9.980000 0.000552 0.081977 0.000000
9.990000 0.000518 0.081794 0.000000
10.000000 0.000553 0.081615 0.000000
10.010000 0.000628 0.081437 0.000000
10.020000 0.000625 0.081263 0.000000
10.030000 0.000645 0.081091 0.000000
10.040000 0.000702 0.080925 0.000000
10.050000 0.000742 0.080761 0.000000
10.060000 0.000751 0.080599 0.000000
10.070000 0.000740 0.080441 0.000000
10.080000 0.000753 0.080287 0.000000
10.090000 0.000802 0.080135 0.000000
10.100000 0.000787 0.079983 0.000000
10.110000 0.000780 0.079838 0.000000
10.120000 0.000787 0.079695 0.000000
10.130000 0.000793 0.079554 0.000000
10.140000 0.000829 0.079416 0.000000
10.150000 0.000805 0.079277 0.000000
10.160000 0.000856 0.079142 0.000000
10.170000 0.000822 0.079008 0.000000
10.180000 0.000828 0.078877 0.000000
10.190000 0.000820 0.078747 0.000000
10.200000 0.000781 0.078620 0.000000
10.210000 0.000781 0.078493 0.000000
10.220000 0.000783 0.078368 0.000000
10.230000 0.000756 0.078245 0.000000
10.240000 0.000761 0.078124 0.000000
10.250000 0.000732 0.078005 0.000000
10.260000 0.000729 0.077885 0.000000
10.270000 0.000704 0.077767 0.000000
10.280000 0.000731 0.077654 0.000000
10.290000 0.000676 0.077540 0.000000
10.300000 0.000660 0.077428 0.000000
10.310000 0.000678 0.077316 0.000000
10.320000 0.000632 0.077208 0.000000
10.330000 0.000629 0.077099 0.000000
10.340000 0.000595 0.076994 0.000000
10.350000 0.000652 0.076889 0.000000
10.360000 0.000594 0.076786 0.000000
10.370000 0.000626 0.076684 0.000000
10.380000 0.000526 0.076586 0.000000
10.390000 0.000514 0.076489 0.000000
10.400000 0.000497 0.076392 0.000000
10.410000 0.000504 0.076298 0.000000
10.420000 0.000490 0.076205 0.000000
10.430000 0.000443 0.076112 0.000000
10.440000 0.000428 0.076024 0.000000
10.450000 0.000406 0.075937 0.000000
10.460000 0.000440 0.075847 0.000000
10.470000 0.000415 0.075763 0.000000
10.480000 0.000369 0.075678 0.000000
10.490000 0.000341 0.075596 0.000000
10.500000 0.000432 0.075514 0.000000
10.510000 0.000360 0.075433 0.000000
10.520000 0.000370 0.075358 0.000000
10.530000 0.000388 0.075280 0.000000
10.540000 0.000297 0.075203 0.000000
10.550000 0.000352 0.075130 0.000000
10.560000 0.000229 0.075056 0.000000
10.570000 0.000235 0.074985 0.000000
10.580000 0.000260 0.074912 0.000000
10.590000 0.000250 0.074842 0.000000
10.600000 0.000191 0.074772 0.000000
10.610000 0.000155 0.074705 0.000000
10.620000 0.000191 0.074637 0.000000
10.630000 0.000164 0.074570 0.000000
10.640000 0.000160 0.074504 0.000000
10.650000 0.000138 0.074440 0.000000
10.660000 0.000131 0.074375 0.000000
10.670000 0.000119 0.074313 0.000000
10.680000 0.000114 0.074250 0.000000
10.690000 0.000146 0.074189 0.000000
10.700000 0.000208 0.074129 0.000000
10.710000 0.000122 0.074069 0.000000
10.720000 0.000106 0.074010 0.000000
10.730000 -0.000125 0.073952 0.000000
10.740000 -0.000234 0.073896 0.000000
10.750000 -0.000235 0.073841 0.000000
10.760000 -0.000141 0.073787 0.000000
10.770000 0.000037 0.073732 0.000000
10.780000 0.000282 0.073677 0.000000
10.790000 0.000016 0.073622 0.000000
10.800000 0.000210 0.073569 0.000000
10.810000 -0.000167 0.073518 0.000000
10.820000 -0.000009 0.073468 0.000000
10.830000 -0.000171 0.073420 0.000000
10.840000 0.000211 0.073371 0.000000
10.850000 0.000012 0.073325 0.000000
10.860000 0.000231 0.073275 0.000000
10.870000 -0.000025 0.073229 0.000000
10.880000 -0.000204 0.073185 0.000000
10.890000 -0.000249 0.073143 0.000000
10.900000 0.000262 0.073099 0.000000
10.910000 0.000140 0.073056 0.000000
10.920000 0.000137 0.073015 0.000000
10.930000 -0.000039 0.072969 0.000000
10.940000 -0.000118 0.072928 0.000000
10.950000 -0.000131 0.072892 0.000000
10.960000 0.000161 0.072847 0.000000
10.970000 0.000047 0.072814 0.000000
