0.010000 0.000000 0.000000 0.000000
0.020000 0.000000 0.000000 0.000000
0.030000 0.000000 0.000000 0.000000
0.040000 0.000000 0.000000 0.000000
0.050000 0.000000 0.000000 0.000000
0.060000 0.000000 0.000000 0.000000
0.070000 0.000000 0.000000 0.000000
0.080000 0.000000 0.000000 0.000000
0.090000 0.000000 0.000000 0.000000
0.100000 0.000000 0.000000 0.000000
0.110000 0.000000 0.000000 0.000000
0.120000 0.000000 0.000000 0.000000
0.130000 0.000000 0.000000 0.000000
0.140000 0.000000 0.000000 0.000000
0.150000 0.000000 0.000000 0.000000
0.160000 0.000000 0.000000 0.000000
0.170000 0.000000 0.000000 0.000000
0.180000 0.000000 0.000000 0.000000
0.190000 0.000000 0.000000 0.000000
0.200000 0.000000 0.000000 0.000000
0.210000 0.000000 0.000000 0.000000
0.220000 0.000000 0.000000 0.000000
0.230000 0.000000 0.000000 0.000000
0.240000 0.000000 0.000000 0.000000
0.250000 0.000000 0.000000 0.000000
0.260000 0.000000 0.000000 0.000000
0.270000 0.000000 0.000000 0.000000
0.280000 0.000000 0.000000 0.000000
0.290000 0.000000 0.000000 0.000000
0.300000 0.000000 0.000000 0.000000
0.310000 0.000000 0.000000 0.000000
0.320000 0.000000 0.000000 0.000000
0.330000 0.000000 0.000000 0.000000
0.340000 0.000000 0.000000 0.000000
0.350000 0.000000 0.000000 0.000000
0.360000 0.000000 0.000000 0.000000
0.370000 0.000000 0.000000 0.000000
0.380000 0.000000 0.000000 0.000000
0.390000 0.000000 0.000000 0.000000
0.400000 0.000000 0.000000 0.000000
0.410000 0.000000 0.000000 0.000000
0.420000 0.000000 0.000000 0.000000
0.430000 0.000000 0.000000 0.000000
0.440000 0.000000 0.000000 0.000000
0.450000 0.000000 0.000000 0.000000
0.460000 0.000000 0.000000 0.000000
0.470000 0.000000 0.000000 0.000000
0.480000 0.000000 0.000000 0.000000
0.490000 0.000000 0.000000 0.000000
0.500000 0.000000 0.000000 0.000000
0.510000 0.000000 0.000000 0.000000
0.520000 0.000000 0.000000 0.000000
0.530000 0.000000 0.000000 0.000000
0.540000 0.000000 0.000000 0.000000
0.550000 0.000000 0.000000 0.000000
0.560000 0.000000 0.000000 0.000000
0.570000 0.000000 0.000000 0.000000
0.580000 0.000000 0.000000 0.000000
0.590000 0.000000 0.000000 0.000000
0.600000 0.000000 0.000000 0.000000
0.610000 0.000000 0.000000 0.000000
0.620000 0.000000 0.000000 0.000000
0.630000 0.000000 0.000000 0.000000
0.640000 0.000000 0.000000 0.000000
0.650000 0.000000 0.000000 0.000000
0.660000 0.000000 0.000000 0.000000
0.670000 0.000000 0.000000 0.000000
0.680000 0.000000 0.000000 0.000000
0.690000 0.000000 0.000000 0.000000
0.700000 0.000000 0.000000 0.000000
0.710000 0.000000 0.000000 0.000000
0.720000 0.000000 0.000000 0.000000
0.730000 0.000000 0.000000 0.000000
0.740000 0.000000 0.000000 0.000000
0.750000 0.000000 0.000000 0.000000
0.760000 0.000000 0.000000 0.000000
0.770000 0.000000 0.000000 0.000000
0.780000 0.000000 0.000000 0.000000
0.790000 0.000000 0.000000 0.000000
0.800000 0.000000 0.000000 0.000000
0.810000 0.000000 0.000000 0.000000
0.820000 0.000000 0.000000 0.000000
0.830000 0.000000 0.000000 0.000000
0.840000 0.000000 0.000000 0.000000
0.850000 0.000000 0.000000 0.000000
0.860000 0.000000 0.000000 0.000000
0.870000 0.000000 0.000000 0.000000
0.880000 0.000000 0.000000 0.000000
0.890000 0.000000 0.000000 0.000000
0.900000 0.000000 0.000000 0.000000
0.910000 0.000000 0.000000 0.000000
0.920000 0.000000 0.000000 0.000000
0.930000 0.000000 0.000000 0.000000
0.940000 0.000000 0.000000 0.000000
0.950000 0.000000 0.000000 0.000000
0.960000 0.000000 0.000000 0.000000
0.970000 0.000000 0.000000 0.000000
0.980000 0.000000 0.000000 0.000000
0.990000 0.000000 0.000000 0.000000
1.000000 0.000000 0.000000 0.000000
1.010000 0.003208 1.000000 0.000000
1.020000 0.003229 1.000000 0.000000
1.030000 0.003274 1.000000 0.000000
1.040000 0.003336 1.000000 0.000000
1.050000 0.003405 1.000000 0.000000
1.060000 0.003481 1.000000 0.000000
1.070000 0.003558 1.000000 0.000000
1.080000 0.003633 1.000000 0.000000
1.090000 0.003699 1.000000 0.000000
1.100000 0.003758 1.000000 0.000000
1.110000 0.003810 1.000000 0.000000
1.120000 0.003847 1.000000 0.000000
1.130000 0.003870 1.000000 0.000000
1.140000 0.003880 1.000000 0.000000
1.150000 0.003881 1.000000 0.000000
1.160000 0.003860 1.000000 0.000000
1.170000 0.003821 1.000000 0.000000
1.180000 0.003771 1.000000 0.000000
1.190000 0.003708 1.000000 0.000000
1.200000 0.003634 1.000000 0.000000
1.210000 0.003543 1.000000 0.000000
1.220000 0.003448 1.000000 0.000000
1.230000 0.003345 1.000000 0.000000
1.240000 0.003234 1.000000 0.000000
1.250000 0.003120 1.000000 0.000000
1.260000 0.003009 1.000000 0.000000
1.270000 0.002894 1.000000 0.000000
1.280000 0.002780 1.000000 0.000000
1.290000 0.002667 1.000000 0.000000
1.300000 0.002563 1.000000 0.000000
1.310000 0.002478 1.000000 0.000000
1.320000 0.002422 1.000000 0.000000
1.330000 0.002411 1.000000 0.000000
1.340000 0.002464 1.000000 0.000000
1.350000 0.002578 1.000000 0.000000
1.360000 0.002770 1.000000 0.000000
1.370000 0.003046 1.000000 0.000000
1.380000 0.003400 1.000000 0.000000
1.390000 0.003816 1.000000 0.000000
1.400000 0.004291 1.000000 0.000000
1.410000 0.004812 1.000000 0.000000
1.420000 0.005373 1.000000 0.000000
1.430000 0.005947 1.000000 0.000000
1.440000 0.006523 1.000000 0.000000
1.450000 0.007099 1.000000 0.000000
1.460000 0.007674 1.000000 0.000000
1.470000 0.008237 1.000000 0.000000
1.480000 0.008793 1.000000 0.000000
1.490000 0.009343 1.000000 0.000000
1.500000 0.009885 1.000000 0.000000
1.510000 0.010427 1.000000 0.000000
1.520000 0.010969 1.000000 0.000000
1.530000 0.011513 1.000000 0.000000
1.540000 0.012057 1.000000 0.000000
1.550000 0.012604 1.000000 0.000000
1.560000 0.013150 1.000000 0.000000
1.570000 0.013665 1.000000 0.000000
1.580000 0.014113 1.000000 0.000000
1.590000 0.014500 1.000000 0.000000
1.600000 0.014841 1.000000 0.000000
1.610000 0.015143 1.000000 0.000000
1.620000 0.015342 1.000000 0.000000
1.630000 0.015124 1.000000 0.000000
1.640000 0.014459 1.000000 0.000000
1.650000 0.013523 1.000000 0.000000
1.660000 0.012445 1.000000 0.000000
1.670000 0.011314 1.000000 0.000000
1.680000 0.010190 1.000000 0.000000
1.690000 0.009115 1.000000 0.000000
1.700000 0.008113 1.000000 0.000000
1.710000 0.007203 1.000000 0.000000
1.720000 0.006385 1.000000 0.000000
1.730000 0.005668 1.000000 0.000000
1.740000 0.005036 1.000000 0.000000
1.750000 0.004480 1.000000 0.000000
1.760000 0.003990 1.000000 0.000000
1.770000 0.003544 1.000000 0.000000
1.780000 0.003126 1.000000 0.000000
1.790000 0.002707 1.000000 0.000000
1.800000 0.002277 1.000000 0.000000
1.810000 0.001809 1.000000 0.000000
1.820000 0.001316 1.000000 0.000000
1.830000 0.000758 1.000000 0.000000
1.840000 0.000111 1.000000 0.000000
1.850000 -0.000609 1.000000 0.000000
1.860000 -0.001336 1.000000 0.000000
1.870000 -0.002112 1.000000 0.000000
1.880000 -0.002937 1.000000 0.000000
1.890000 -0.003807 1.000000 0.000000
1.900000 -0.004699 1.000000 0.000000
1.910000 -0.005600 1.000000 0.000000
1.920000 -0.006504 1.000000 0.000000
1.930000 -0.007406 1.000000 0.000000
1.940000 -0.008293 1.000000 0.000000
1.950000 -0.009157 1.000000 0.000000
1.960000 -0.009997 1.000000 0.000000
1.970000 -0.010800 1.000000 0.000000
1.980000 -0.011569 1.000000 0.000000
1.990000 -0.012297 1.000000 0.000000
2.000000 -0.012985 1.000000 0.000000
2.010000 -0.013632 1.000000 0.000000
2.020000 -0.014233 1.000000 0.000000
2.030000 -0.014793 1.000000 0.000000
2.040000 -0.015310 1.000000 0.000000
2.050000 -0.015786 1.000000 0.000000
2.060000 -0.016221 1.000000 0.000000
2.070000 -0.016618 1.000000 0.000000
2.080000 -0.016977 1.000000 0.000000
2.090000 -0.017301 1.000000 0.000000
2.100000 -0.017590 1.000000 0.000000
2.110000 -0.017848 1.000000 0.000000
2.120000 -0.018073 1.000000 0.000000
2.130000 -0.018271 1.000000 0.000000
2.140000 -0.018442 1.000000 0.000000
2.150000 -0.018591 1.000000 0.000000
2.160000 -0.018719 1.000000 0.000000
2.170000 -0.018827 1.000000 0.000000
2.180000 -0.018922 1.000000 0.000000
2.190000 -0.019000 1.000000 0.000000
2.200000 -0.019070 1.000000 0.000000
2.210000 -0.019130 1.000000 0.000000
2.220000 -0.019185 1.000000 0.000000
2.230000 -0.019239 1.000000 0.000000
2.240000 -0.019289 1.000000 0.000000
2.250000 -0.019337 1.000000 0.000000
2.260000 -0.019387 1.000000 0.000000
2.270000 -0.019438 1.000000 0.000000
2.280000 -0.019492 1.000000 0.000000
2.290000 -0.019546 1.000000 0.000000
2.300000 -0.019603 1.000000 0.000000
2.310000 -0.019658 1.000000 0.000000
2.320000 -0.019712 1.000000 0.000000
2.330000 -0.019765 1.000000 0.000000
2.340000 -0.019815 1.000000 0.000000
2.350000 -0.019859 1.000000 0.000000
2.360000 -0.019895 1.000000 0.000000
2.370000 -0.019926 1.000000 0.000000
2.380000 -0.019946 1.000000 0.000000
2.390000 -0.019958 1.000000 0.000000
2.400000 -0.019959 1.000000 0.000000
2.410000 -0.019948 1.000000 0.000000
2.420000 -0.019927 1.000000 0.000000
2.430000 -0.019893 1.000000 0.000000
2.440000 -0.019849 1.000000 0.000000
2.450000 -0.019793 1.000000 0.000000
2.460000 -0.019727 1.000000 0.000000
2.470000 -0.019652 1.000000 0.000000
2.480000 -0.019567 1.000000 0.000000
2.490000 -0.019476 1.000000 0.000000
2.500000 -0.019378 1.000000 0.000000
2.510000 -0.019276 1.000000 0.000000
2.520000 -0.019170 1.000000 0.000000
2.530000 -0.019062 1.000000 0.000000
2.540000 -0.018955 1.000000 0.000000
2.550000 -0.018847 1.000000 0.000000
2.560000 -0.018744 1.000000 0.000000
2.570000 -0.018641 1.000000 0.000000
2.580000 -0.018544 1.000000 0.000000
2.590000 -0.018453 1.000000 0.000000
2.600000 -0.018366 1.000000 0.000000
2.610000 -0.018288 1.000000 0.000000
2.620000 -0.018218 1.000000 0.000000
2.630000 -0.018155 1.000000 0.000000
2.640000 -0.018098 1.000000 0.000000
2.650000 -0.018049 1.000000 0.000000
2.660000 -0.018010 1.000000 0.000000
2.670000 -0.017975 1.000000 0.000000
2.680000 -0.017945 1.000000 0.000000
2.690000 -0.017921 1.000000 0.000000
2.700000 -0.017903 1.000000 0.000000
2.710000 -0.017887 0.988069 0.000000
2.720000 -0.017877 0.965907 0.000000
2.730000 -0.017869 0.944142 0.000000
2.740000 -0.017873 0.922754 0.000000
2.750000 -0.017885 0.901756 0.000000
2.760000 -0.017914 0.881036 0.000000
2.770000 -0.017955 0.860492 0.000000
2.780000 -0.018015 0.840113 0.000000
2.790000 -0.018092 0.819831 0.000000
2.800000 -0.018188 0.799638 0.000000
2.810000 -0.018303 0.779509 0.000000
2.820000 -0.018439 0.759452 0.000000
2.830000 -0.018591 0.739481 0.000000
2.840000 -0.018760 0.719594 0.000000
2.850000 -0.018948 0.699854 0.000000
2.860000 -0.019151 0.680275 0.000000
2.870000 -0.019366 0.660847 0.000000
2.880000 -0.019595 0.641646 0.000000
2.890000 -0.019835 0.622649 0.000000
2.900000 -0.020083 0.603881 0.000000
2.910000 -0.020339 0.585350 0.000000
2.920000 -0.020599 0.567027 0.000000
2.930000 -0.020865 0.548916 0.000000
2.940000 -0.021132 0.531027 0.000000
2.950000 -0.021401 0.513299 0.000000
2.960000 -0.021671 0.495758 0.000000
2.970000 -0.021941 0.478351 0.000000
2.980000 -0.022211 0.461062 0.000000
2.990000 -0.022480 0.443893 0.000000
3.000000 -0.022748 0.426813 0.000000
3.010000 -0.023013 0.409801 0.000000
3.020000 -0.023279 0.392880 0.000000
3.030000 -0.023539 0.376012 0.000000
3.040000 -0.023796 0.359187 0.000000
3.050000 -0.024047 0.342421 0.000000
3.060000 -0.024293 0.325676 0.000000
3.070000 -0.024531 0.308975 0.000000
3.080000 -0.024761 0.292283 0.000000
3.090000 -0.024976 0.275609 0.000000
3.100000 -0.025178 0.258938 0.000000
3.110000 -0.025357 0.242249 0.000000
3.120000 -0.025515 0.225518 0.000000
3.130000 -0.025639 0.208716 0.000000
3.140000 -0.025721 0.191792 0.000000
3.150000 -0.025743 0.174728 0.000000
3.160000 -0.025675 0.157515 0.000000
3.170000 -0.025458 0.141134 0.000000
3.180000 -0.024985 0.127752 0.000000
3.190000 -0.024173 0.119211 0.000000
3.200000 -0.023023 0.115214 0.000000
3.210000 -0.021614 0.114139 0.000000
3.220000 -0.020031 0.114318 0.000000
3.230000 -0.018354 0.114511 0.000000
3.240000 -0.016635 0.114000 0.000000
3.250000 -0.014914 0.112476 0.000000
3.260000 -0.013221 0.109909 0.000000
3.270000 -0.011579 0.106450 0.000000
3.280000 -0.010005 0.102333 0.000000
3.290000 -0.008505 0.097836 0.000000
3.300000 -0.007095 0.093242 0.000000
3.310000 -0.005779 0.088814 0.000000
3.320000 -0.004560 0.084773 0.000000
3.330000 -0.003438 0.081288 0.000000
3.340000 -0.002415 0.078482 0.000000
3.350000 -0.001489 0.076415 0.000000
3.360000 -0.000664 0.075087 0.000000
3.370000 0.000231 0.074437 0.000000
3.380000 0.000801 0.074467 0.000000
3.390000 0.001325 0.075003 0.000000
3.400000 0.001852 0.075945 0.000000
3.410000 0.002257 0.077166 0.000000
3.420000 0.002621 0.078537 0.000000
3.430000 0.002930 0.079943 0.000000
3.440000 0.003187 0.081277 0.000000
3.450000 0.003407 0.082453 0.000000
3.460000 0.003556 0.083408 0.000000
3.470000 0.003696 0.084093 0.000000
3.480000 0.003774 0.084498 0.000000
3.490000 0.003832 0.084616 0.000000
3.500000 0.003866 0.084465 0.000000
3.510000 0.003877 0.084080 0.000000
3.520000 0.003867 0.083500 0.000000
3.530000 0.003840 0.082775 0.000000
3.540000 0.003797 0.081954 0.000000
3.550000 0.003745 0.081088 0.000000
3.560000 0.003685 0.080224 0.000000
3.570000 0.003621 0.079403 0.000000
3.580000 0.003554 0.078657 0.000000
3.590000 0.003466 0.078010 0.000000
3.600000 0.003381 0.077478 0.000000
3.610000 0.003305 0.077068 0.000000
3.620000 0.003229 0.076779 0.000000
3.630000 0.003135 0.076600 0.000000
3.640000 0.003061 0.076517 0.000000
3.650000 0.002977 0.076518 0.000000
3.660000 0.002895 0.076578 0.000000
3.670000 0.002822 0.076678 0.000000
3.680000 0.002740 0.076801 0.000000
3.690000 0.002664 0.076922 0.000000
3.700000 0.002597 0.077032 0.000000
3.710000 0.002511 0.077117 0.000000
3.720000 0.002452 0.077161 0.000000
3.730000 0.002374 0.077168 0.000000
3.740000 0.002296 0.077135 0.000000
3.750000 0.002241 0.077057 0.000000
3.760000 0.002168 0.076943 0.000000
3.770000 0.002091 0.076791 0.000000
3.780000 0.002037 0.076618 0.000000
3.790000 0.001973 0.076427 0.000000
3.800000 0.001896 0.076225 0.000000
3.810000 0.001849 0.076019 0.000000
3.820000 0.001783 0.075817 0.000000
3.830000 0.001715 0.075627 0.000000
3.840000 0.001688 0.075453 0.000000
3.850000 0.001600 0.075291 0.000000
3.860000 0.001572 0.075156 0.000000
3.870000 0.001495 0.075035 0.000000
3.880000 0.001471 0.074935 0.000000
3.890000 0.001393 0.074857 0.000000
3.900000 0.001378 0.074785 0.000000
3.910000 0.001304 0.074734 0.000000
3.920000 0.001258 0.074689 0.000000
3.930000 0.001251 0.074652 0.000000
3.940000 0.001181 0.074613 0.000000
3.950000 0.001127 0.074575 0.000000
3.960000 0.001089 0.074539 0.000000
3.970000 0.001059 0.074497 0.000000
3.980000 0.001029 0.074450 0.000000
3.990000 0.000994 0.074400 0.000000
4.000000 0.000952 0.074345 0.000000
4.010000 0.000907 0.074283 0.000000
4.020000 0.000871 0.074213 0.000000
4.030000 0.000866 0.074149 0.000000
4.040000 0.000839 0.074079 0.000000
4.050000 0.000776 0.074011 0.000000
4.060000 0.000806 0.073933 0.000000
4.070000 0.000721 0.073872 0.000000
4.080000 0.000708 0.073798 0.000000
4.090000 0.000742 0.073737 0.000000
4.100000 0.000673 0.073674 0.000000
4.110000 0.000634 0.073618 0.000000
4.120000 0.000614 0.073567 0.000000
4.130000 0.000620 0.073522 0.000000
4.140000 0.000601 0.073472 0.000000
4.150000 0.000520 0.073442 0.000000
4.160000 0.000553 0.073406 0.000000
4.170000 0.000480 0.073371 0.000000
4.180000 0.000542 0.073344 0.000000
4.190000 0.000491 0.073304 0.000000
4.200000 0.000445 0.073271 0.000000
4.210000 0.000433 0.073245 0.000000
4.220000 0.000464 0.073219 0.000000
4.230000 0.000427 0.073180 0.000000
4.240000 0.000352 0.073167 0.000000
4.250000 0.000416 0.073122 0.000000
4.260000 0.000376 0.073094 0.000000
4.270000 0.000314 0.073056 0.000000
4.280000 0.000296 0.073021 0.000000
4.290000 0.000314 0.072986 0.000000
4.300000 0.000411 0.072963 0.000000
4.310000 0.000247 0.072929 0.000000
4.320000 0.000375 0.072889 0.000000
4.330000 0.000301 0.072875 0.000000
4.340000 0.000262 0.072837 0.000000
4.350000 0.000300 0.072800 0.000000
4.360000 0.000303 0.072788 0.000000
4.370000 0.000179 0.072743 0.000000
4.380000 0.000238 0.072730 0.000000
4.390000 0.000324 0.072699 0.000000
4.400000 0.000308 0.072674 0.000000
4.410000 0.000185 0.072631 0.000000
4.420000 0.000175 0.072635 0.000000
4.430000 0.000157 0.072611 0.000000
4.440000 0.000251 0.072594 0.000000
4.450000 0.000227 0.072577 0.000000
4.460000 0.000089 0.072568 0.000000
4.470000 0.000259 0.072530 0.000000
4.480000 0.000075 0.072516 0.000000
4.490000 0.000045 0.072479 0.000000
4.500000 0.000103 0.072486 0.000000
4.510000 0.000296 0.072478 0.000000
4.520000 0.000110 0.072452 0.000000
4.530000 0.000029 0.072446 0.000000
4.540000 -0.000110 0.072420 0.000000
4.550000 -0.000284 0.072421 0.000000
4.560000 0.000126 0.072397 0.000000
4.570000 0.000068 0.072374 0.000000
4.580000 0.000180 0.072381 0.000000
4.590000 0.000167 0.072356 0.000000
4.600000 -0.000297 0.072328 0.000000
4.610000 -0.000308 0.072341 0.000000
4.620000 0.000126 0.072316 0.000000
4.630000 0.000255 0.072296 0.000000
4.640000 0.000197 0.072295 0.000000
4.650000 0.000294 0.072313 0.000000
4.660000 -0.000036 0.072309 0.000000
4.670000 -0.000060 0.072270 0.000000
4.680000 -0.000047 0.072266 0.000000
4.690000 0.000262 0.072228 0.000000
4.700000 0.000258 0.072221 0.000000
4.710000 0.000249 0.072185 0.000000
4.720000 0.000079 0.072211 0.000000
4.730000 -0.000011 0.072194 0.000000
4.740000 -0.000160 0.072202 0.000000
4.750000 0.000075 0.072180 0.000000
4.760000 0.000080 0.072174 0.000000
4.770000 0.000148 0.072150 0.000000
4.780000 -0.000007 0.072149 0.000000
4.790000 -0.000101 0.072127 0.000000
4.800000 -0.000163 0.072156 0.000000
4.810000 0.000177 0.072125 0.000000
4.820000 0.000061 0.072122 0.000000
4.830000 0.000047 0.072131 0.000000
4.840000 -0.000106 0.072116 0.000000
4.850000 -0.000073 0.072084 0.000000
4.860000 -0.000017 0.072096 0.000000
4.870000 0.000214 0.072088 0.000000
4.880000 0.000167 0.072078 0.000000
4.890000 0.000162 0.072081 0.000000
4.900000 -0.000187 0.072069 0.000000
4.910000 -0.000084 0.072061 0.000000
4.920000 0.000057 0.072079 0.000000
4.930000 0.000269 0.072037 0.000000
4.940000 0.000262 0.072047 0.000000
4.950000 0.000098 0.072038 0.000000
4.960000 -0.000194 0.072038 0.000000
4.970000 -0.000035 0.072053 0.000000
4.980000 0.000202 0.072020 0.000000
4.990000 0.000129 0.072027 0.000000
5.000000 0.000178 0.072007 0.000000
5.010000 0.000140 0.071999 0.000000
5.020000 -0.000244 0.072008 0.000000
5.030000 -0.000145 0.072007 0.000000
5.040000 -0.000173 0.072002 0.000000
5.050000 0.000163 0.071984 0.000000
5.060000 0.000243 0.071993 0.000000
5.070000 0.000268 0.071989 0.000000
5.080000 -0.000090 0.071986 0.000000
5.090000 -0.000262 0.071976 0.000000
5.100000 -0.000214 0.071972 0.000000
5.110000 0.000236 0.071980 0.000000
5.120000 0.000013 0.071976 0.000000
5.130000 0.000206 0.071970 0.000000
5.140000 -0.000249 0.071980 0.000000
5.150000 -0.000267 0.071965 0.000000
5.160000 0.000156 0.071960 0.000000
5.170000 0.000036 0.071960 0.000000
5.180000 0.000233 0.071950 0.000000
5.190000 -0.000085 0.071940 0.000000
5.200000 -0.000075 0.071944 0.000000
5.210000 -0.000197 0.071940 0.000000
5.220000 0.000222 0.071942 0.000000
5.230000 0.000136 0.071937 0.000000
5.240000 0.000050 0.071935 0.000000
5.250000 -0.000048 0.071933 0.000000
5.260000 -0.000170 0.071929 0.000000
5.270000 0.000170 0.071927 0.000000
5.280000 0.000046 0.071926 0.000000
5.290000 0.000170 0.071923 0.000000
5.300000 -0.000192 0.071915 0.000000
5.310000 -0.000157 0.071916 0.000000
5.320000 -0.000235 0.071916 0.000000
5.330000 0.000043 0.071916 0.000000
5.340000 0.000173 0.071911 0.000000
5.350000 0.000140 0.071909 0.000000
5.360000 -0.000071 0.071905 0.000000
5.370000 -0.000009 0.071904 0.000000
5.380000 -0.000157 0.071904 0.000000
5.390000 0.000076 0.071903 0.000000
5.400000 0.000209 0.071898 0.000000
5.410000 0.000215 0.071894 0.000000
5.420000 -0.000074 0.071892 0.000000
5.430000 -0.000221 0.071891 0.000000
5.440000 -0.000171 0.071889 0.000000
5.450000 0.000200 0.071885 0.000000
5.460000 0.000159 0.071886 0.000000
5.470000 0.000060 0.071880 0.000000
5.480000 -0.000027 0.071877 0.000000
5.490000 -0.000069 0.071873 0.000000
5.500000 -0.000035 0.071873 0.000000
5.510000 0.000108 0.071872 0.000000
5.520000 0.000019 0.071868 0.000000
5.530000 -0.000041 0.071849 0.000000
5.540000 -0.000083 0.071863 0.000000
5.550000 -0.000059 0.071870 0.000000
5.560000 -0.000109 0.071873 0.000000
5.570000 0.000118 0.071855 0.000000
5.580000 0.000140 0.071848 0.000000
5.590000 -0.000151 0.071860 0.000000
5.600000 -0.000064 0.071874 0.000000
5.610000 -0.000089 0.071875 0.000000
5.620000 -0.000003 0.071848 0.000000
5.630000 0.000134 0.071855 0.000000
5.640000 0.000124 0.071849 0.000000
5.650000 -0.000143 0.071860 0.000000
5.660000 -0.000022 0.071849 0.000000
5.670000 -0.000136 0.071850 0.000000
5.680000 0.000102 0.071852 0.000000
5.690000 0.000138 0.071851 0.000000
5.700000 0.000074 0.071850 0.000000
5.710000 -0.000102 0.071848 0.000000
5.720000 -0.000073 0.071848 0.000000
5.730000 -0.000115 0.071844 0.000000
5.740000 0.000136 0.071841 0.000000
5.750000 0.000065 0.071842 0.000000
5.760000 -0.000110 0.071845 0.000000
5.770000 -0.000106 0.071849 0.000000
5.780000 -0.000108 0.071839 0.000000
5.790000 -0.000119 0.071847 0.000000
5.800000 0.000117 0.071846 0.000000
5.810000 0.000095 0.071846 0.000000
5.820000 -0.000083 0.071846 0.000000
5.830000 -0.000072 0.071847 0.000000
5.840000 -0.000008 0.071841 0.000000
5.850000 -0.000053 0.071840 0.000000
5.860000 0.000060 0.071838 0.000000
5.870000 0.000006 0.071830 0.000000
5.880000 0.000002 0.071833 0.000000
5.890000 0.000028 0.071835 0.000000
5.900000 0.001457 0.071833 0.000000
5.910000 0.004918 0.071824 0.000000
5.920000 0.010178 0.071803 0.000000
5.930000 0.016979 0.071768 0.000000
5.940000 0.025061 0.071730 0.000000
5.950000 0.034175 0.071704 0.000000
5.960000 0.044087 0.071708 0.000000
5.970000 0.054587 0.071759 0.000000
5.980000 0.065487 0.071869 0.000000
5.990000 0.076625 0.072054 0.000000
6.000000 0.087862 0.072319 0.000000
6.010000 0.099082 0.072670 0.000000
6.020000 0.110189 0.073102 0.000000
6.030000 0.121104 0.073616 0.000000
6.040000 0.131761 0.074208 0.000000
6.050000 0.142109 0.074870 0.000000
6.060000 0.152105 0.075598 0.000000
6.070000 0.161718 0.076379 0.000000
6.080000 0.170921 0.077212 0.000000
6.090000 0.179694 0.078088 0.000000
6.100000 0.188019 0.079004 0.000000
6.110000 0.195883 0.079956 0.000000
6.120000 0.203273 0.080936 0.000000
6.130000 0.210181 0.081937 0.000000
6.140000 0.216600 0.082959 0.000000
6.150000 0.222522 0.083997 0.000000
6.160000 0.227944 0.085044 0.000000
6.170000 0.232863 0.086098 0.000000
6.180000 0.237278 0.087156 0.000000
6.190000 0.241189 0.088212 0.000000
6.200000 0.244598 0.089264 0.000000
6.210000 0.247509 0.090308 0.000000
6.220000 0.249927 0.091338 0.000000
6.230000 0.251859 0.092356 0.000000
6.240000 0.253313 0.093353 0.000000
6.250000 0.254301 0.094323 0.000000
6.260000 0.254832 0.095266 0.000000
6.270000 0.254920 0.096181 0.000000
6.280000 0.254579 0.097060 0.000000
6.290000 0.253824 0.097902 0.000000
6.300000 0.252672 0.098702 0.000000
6.310000 0.251139 0.099459 0.000000
6.320000 0.249244 0.100169 0.000000
6.330000 0.247005 0.100829 0.000000
6.340000 0.244442 0.101438 0.000000
6.350000 0.241575 0.101992 0.000000
6.360000 0.238425 0.102491 0.000000
6.370000 0.235011 0.102935 0.000000
6.380000 0.231354 0.103321 0.000000
6.390000 0.227476 0.103651 0.000000
6.400000 0.223396 0.103924 0.000000
6.410000 0.219135 0.104138 0.000000
6.420000 0.214714 0.104298 0.000000
6.430000 0.210150 0.104402 0.000000
6.440000 0.205464 0.104452 0.000000
6.450000 0.200672 0.104450 0.000000
6.460000 0.195792 0.104398 0.000000
6.470000 0.190839 0.104296 0.000000
6.480000 0.185828 0.104148 0.000000
6.490000 0.180772 0.103954 0.000000
6.500000 0.175684 0.103716 0.000000
6.510000 0.170575 0.103443 0.000000
6.520000 0.165454 0.103130 0.000000
6.530000 0.160329 0.102782 0.000000
6.540000 0.155208 0.102399 0.000000
6.550000 0.150095 0.101986 0.000000
6.560000 0.144996 0.101545 0.000000
6.570000 0.139914 0.101078 0.000000
6.580000 0.134852 0.100587 0.000000
6.590000 0.129809 0.100075 0.000000
6.600000 0.124788 0.099544 0.000000
6.610000 0.119787 0.098997 0.000000
6.620000 0.114806 0.098436 0.000000
6.630000 0.109843 0.097864 0.000000
6.640000 0.104895 0.097281 0.000000
6.650000 0.099960 0.096690 0.000000
6.660000 0.095034 0.096097 0.000000
6.670000 0.090115 0.095500 0.000000
6.680000 0.085199 0.094902 0.000000
6.690000 0.080281 0.094305 0.000000
6.700000 0.075358 0.093710 0.000000
6.710000 0.070425 0.093120 0.000000
6.720000 0.065478 0.092538 0.000000
6.730000 0.060513 0.091958 0.000000
6.740000 0.055524 0.091387 0.000000
6.750000 0.050505 0.090817 0.000000
6.760000 0.045453 0.090247 0.000000
6.770000 0.040371 0.089732 0.000000
6.780000 0.035252 0.089232 0.000000
6.790000 0.030084 0.088738 0.000000
6.800000 0.024859 0.088253 0.000000
6.810000 0.019567 0.087775 0.000000
6.820000 0.014200 0.087308 0.000000
6.830000 0.008750 0.086835 0.000000
6.840000 0.003205 0.086416 0.000000
6.850000 -0.002443 0.086025 0.000000
6.860000 -0.008203 0.085649 0.000000
6.870000 -0.014083 0.085290 0.000000
6.880000 -0.020092 0.084951 0.000000
6.890000 -0.026240 0.084634 0.000000
6.900000 -0.032537 0.084343 0.000000
6.910000 -0.038992 0.084080 0.000000
6.920000 -0.045617 0.083848 0.000000
6.930000 -0.052426 0.083647 0.000000
6.940000 -0.059433 0.083482 0.000000
6.950000 -0.066653 0.083352 0.000000
6.960000 -0.074104 0.083267 0.000000
6.970000 -0.081808 0.083225 0.000000
6.980000 -0.089787 0.083228 0.000000
6.990000 -0.098071 0.083282 0.000000
7.000000 -0.106688 0.083390 0.000000
7.010000 -0.115674 0.083557 0.000000
7.020000 -0.125065 0.083790 0.000000
7.030000 -0.134903 0.084092 0.000000
7.040000 -0.145233 0.084476 0.000000
7.050000 -0.156104 0.084949 0.000000
7.060000 -0.167569 0.085516 0.000000
7.070000 -0.179687 0.086192 0.000000
7.080000 -0.192519 0.086986 0.000000
7.090000 -0.205905 0.087911 0.000000
7.100000 -0.218261 0.088950 0.000000
7.110000 -0.229260 0.090092 0.000000
7.120000 -0.238916 0.091299 0.000000
7.130000 -0.247263 0.092539 0.000000
7.140000 -0.254347 0.093787 0.000000
7.150000 -0.260224 0.095026 0.000000
7.160000 -0.264947 0.096242 0.000000
7.170000 -0.268575 0.097414 0.000000
7.180000 -0.271161 0.098548 0.000000
7.190000 -0.272760 0.099627 0.000000
7.200000 -0.273425 0.100645 0.000000
7.210000 -0.273208 0.101595 0.000000
7.220000 -0.272161 0.102472 0.000000
7.230000 -0.270337 0.103275 0.000000
7.240000 -0.267790 0.103992 0.000000
7.250000 -0.264575 0.104629 0.000000
7.260000 -0.260749 0.105186 0.000000
7.270000 -0.256371 0.105652 0.000000
7.280000 -0.251499 0.106034 0.000000
7.290000 -0.246194 0.106331 0.000000
7.300000 -0.240514 0.106546 0.000000
7.310000 -0.234520 0.106680 0.000000
7.320000 -0.228269 0.106734 0.000000
7.330000 -0.221819 0.106721 0.000000
7.340000 -0.215222 0.106636 0.000000
7.350000 -0.208532 0.106489 0.000000
7.360000 -0.201795 0.106285 0.000000
7.370000 -0.195057 0.106026 0.000000
7.380000 -0.188359 0.105722 0.000000
7.390000 -0.181737 0.105371 0.000000
7.400000 -0.175222 0.104988 0.000000
7.410000 -0.168843 0.104567 0.000000
7.420000 -0.162623 0.104119 0.000000
7.430000 -0.156580 0.103644 0.000000
7.440000 -0.150729 0.103145 0.000000
7.450000 -0.145080 0.102624 0.000000
7.460000 -0.139640 0.102083 0.000000
7.470000 -0.134413 0.101529 0.000000
7.480000 -0.129396 0.100958 0.000000
7.490000 -0.124589 0.100378 0.000000
7.500000 -0.119986 0.099790 0.000000
7.510000 -0.115580 0.099192 0.000000
7.520000 -0.111362 0.098592 0.000000
7.530000 -0.107324 0.097991 0.000000
7.540000 -0.103454 0.097392 0.000000
7.550000 -0.099743 0.096797 0.000000
7.560000 -0.096179 0.096207 0.000000
7.570000 -0.092752 0.095625 0.000000
7.580000 -0.089452 0.095053 0.000000
7.590000 -0.086269 0.094493 0.000000
7.600000 -0.083195 0.093944 0.000000
7.610000 -0.080221 0.093408 0.000000
7.620000 -0.077341 0.092884 0.000000
7.630000 -0.074547 0.092374 0.000000
7.640000 -0.071834 0.091877 0.000000
7.650000 -0.069197 0.091392 0.000000
7.660000 -0.066632 0.090919 0.000000
7.670000 -0.064136 0.090457 0.000000
7.680000 -0.061706 0.090007 0.000000
7.690000 -0.059341 0.089565 0.000000
7.700000 -0.057037 0.089133 0.000000
7.710000 -0.054794 0.088707 0.000000
7.720000 -0.052611 0.088283 0.000000
7.730000 -0.050489 0.087863 0.000000
7.740000 -0.048432 0.087477 0.000000
7.750000 -0.046441 0.087104 0.000000
7.760000 -0.044512 0.086737 0.000000
7.770000 -0.042644 0.086372 0.000000
7.780000 -0.040834 0.086004 0.000000
7.790000 -0.039082 0.085637 0.000000
7.800000 -0.037385 0.085299 0.000000
7.810000 -0.035742 0.084975 0.000000
7.820000 -0.034154 0.084656 0.000000
7.830000 -0.032619 0.084343 0.000000
7.840000 -0.031139 0.084035 0.000000
7.850000 -0.029712 0.083735 0.000000
7.860000 -0.028339 0.083441 0.000000
7.870000 -0.027020 0.083156 0.000000
7.880000 -0.025754 0.082878 0.000000
7.890000 -0.024540 0.082608 0.000000
7.900000 -0.023378 0.082345 0.000000
7.910000 -0.022266 0.082090 0.000000
7.920000 -0.021203 0.081842 0.000000
7.930000 -0.020189 0.081599 0.000000
7.940000 -0.019221 0.081364 0.000000
7.950000 -0.018298 0.081133 0.000000
7.960000 -0.017419 0.080908 0.000000
7.970000 -0.016581 0.080688 0.000000
7.980000 -0.015784 0.080472 0.000000
7.990000 -0.015025 0.080261 0.000000
8.000000 -0.014303 0.080053 0.000000
8.010000 -0.013625 0.079850 0.000000
8.020000 -0.014246 0.079653 0.000000
8.030000 -0.016933 0.079469 0.000000
8.040000 -0.021459 0.079312 0.000000
8.050000 -0.027569 0.079192 0.000000
8.060000 -0.035005 0.079113 0.000000
8.070000 -0.043515 0.079080 0.000000
8.080000 -0.052866 0.079092 0.000000
8.090000 -0.062846 0.079152 0.000000
8.100000 -0.073266 0.079259 0.000000
8.110000 -0.083963 0.079415 0.000000
8.120000 -0.094798 0.079621 0.000000
8.130000 -0.105654 0.079881 0.000000
8.140000 -0.116431 0.080196 0.000000
8.150000 -0.127048 0.080570 0.000000
8.160000 -0.137439 0.081003 0.000000
8.170000 -0.147549 0.081498 0.000000
8.180000 -0.157336 0.082053 0.000000
8.190000 -0.166763 0.082666 0.000000
8.200000 -0.175802 0.083338 0.000000
8.210000 -0.184430 0.084064 0.000000
8.220000 -0.192629 0.084836 0.000000
8.230000 -0.200381 0.085655 0.000000
8.240000 -0.207675 0.086512 0.000000
8.250000 -0.214499 0.087403 0.000000
8.260000 -0.220845 0.088318 0.000000
8.270000 -0.226704 0.089259 0.000000
8.280000 -0.232071 0.090211 0.000000
8.290000 -0.236942 0.091174 0.000000
8.300000 -0.241315 0.092139 0.000000
8.310000 -0.245189 0.093101 0.000000
8.320000 -0.248565 0.094056 0.000000
8.330000 -0.251444 0.095006 0.000000
8.340000 -0.253831 0.095928 0.000000
8.350000 -0.255733 0.096838 0.000000
8.360000 -0.257156 0.097724 0.000000
8.370000 -0.258110 0.098585 0.000000
8.380000 -0.258606 0.099417 0.000000
8.390000 -0.258656 0.100219 0.000000
8.400000 -0.258273 0.100989 0.000000
8.410000 -0.257473 0.101724 0.000000
8.420000 -0.256272 0.102418 0.000000
8.430000 -0.254687 0.103074 0.000000
8.440000 -0.252736 0.103687 0.000000
8.450000 -0.250439 0.104256 0.000000
8.460000 -0.247815 0.104780 0.000000
8.470000 -0.244884 0.105254 0.000000
8.480000 -0.241668 0.105679 0.000000
8.490000 -0.238187 0.106052 0.000000
8.500000 -0.234461 0.106368 0.000000
8.510000 -0.230513 0.106632 0.000000
8.520000 -0.226364 0.106836 0.000000
8.530000 -0.222033 0.106987 0.000000
8.540000 -0.217540 0.107083 0.000000
8.550000 -0.212906 0.107122 0.000000
8.560000 -0.208149 0.107107 0.000000
8.570000 -0.203286 0.107037 0.000000
8.580000 -0.198336 0.106919 0.000000
8.590000 -0.193313 0.106743 0.000000
8.600000 -0.188232 0.106525 0.000000
8.610000 -0.183108 0.106261 0.000000
8.620000 -0.177951 0.105954 0.000000
8.630000 -0.172774 0.105603 0.000000
8.640000 -0.167585 0.105218 0.000000
8.650000 -0.162393 0.104797 0.000000
8.660000 -0.157206 0.104340 0.000000
8.670000 -0.152029 0.103854 0.000000
8.680000 -0.146866 0.103345 0.000000
8.690000 -0.141721 0.102810 0.000000
8.700000 -0.136597 0.102251 0.000000
8.710000 -0.131495 0.101674 0.000000
8.720000 -0.126415 0.101080 0.000000
8.730000 -0.121357 0.100472 0.000000
8.740000 -0.116320 0.099852 0.000000
8.750000 -0.111303 0.099221 0.000000
8.760000 -0.106303 0.098583 0.000000
8.770000 -0.101317 0.097940 0.000000
8.780000 -0.096344 0.097293 0.000000
8.790000 -0.091378 0.096645 0.000000
8.800000 -0.086417 0.095999 0.000000
8.810000 -0.081457 0.095356 0.000000
8.820000 -0.076494 0.094717 0.000000
8.830000 -0.071523 0.094083 0.000000
8.840000 -0.066540 0.093459 0.000000
8.850000 -0.061541 0.092842 0.000000
8.860000 -0.056520 0.092234 0.000000
8.870000 -0.051472 0.091634 0.000000
8.880000 -0.046392 0.091026 0.000000
8.890000 -0.041281 0.090468 0.000000
8.900000 -0.036138 0.089936 0.000000
8.910000 -0.030950 0.089417 0.000000
8.920000 -0.025708 0.088909 0.000000
8.930000 -0.020402 0.088413 0.000000
8.940000 -0.015024 0.087928 0.000000
8.950000 -0.009565 0.087442 0.000000
8.960000 -0.004014 0.086989 0.000000
8.970000 0.001637 0.086580 0.000000
8.980000 0.007399 0.086187 0.000000
8.990000 0.013278 0.085812 0.000000
9.000000 0.019286 0.085457 0.000000
9.010000 0.025429 0.085126 0.000000
9.020000 0.031720 0.084818 0.000000
9.030000 0.038166 0.084538 0.000000
9.040000 0.044781 0.084287 0.000000
9.050000 0.051577 0.084066 0.000000
9.060000 0.058568 0.083880 0.000000
9.070000 0.065770 0.083726 0.000000
9.080000 0.073199 0.083618 0.000000
9.090000 0.080877 0.083552 0.000000
9.100000 0.088826 0.083531 0.000000
9.110000 0.097074 0.083560 0.000000
9.120000 0.105652 0.083642 0.000000
9.130000 0.114592 0.083783 0.000000
9.140000 0.123932 0.083989 0.000000
9.150000 0.133712 0.084261 0.000000
9.160000 0.143976 0.084617 0.000000
9.170000 0.154775 0.085058 0.000000
9.180000 0.166160 0.085593 0.000000
9.190000 0.178188 0.086235 0.000000
9.200000 0.190922 0.086995 0.000000
9.210000 0.204315 0.087887 0.000000
9.220000 0.216856 0.088896 0.000000
9.230000 0.228041 0.090022 0.000000
9.240000 0.237878 0.091237 0.000000
9.250000 0.246399 0.092513 0.000000
9.260000 0.253650 0.093823 0.000000
9.270000 0.259684 0.095143 0.000000
9.280000 0.264554 0.096449 0.000000
9.290000 0.268318 0.097725 0.000000
9.300000 0.271030 0.098956 0.000000
9.310000 0.272743 0.100123 0.000000
9.320000 0.273510 0.101217 0.000000
9.330000 0.273382 0.102232 0.000000
9.340000 0.272413 0.103161 0.000000
9.350000 0.270654 0.104003 0.000000
9.360000 0.268160 0.104752 0.000000
9.370000 0.264988 0.105412 0.000000
9.380000 0.261195 0.105980 0.000000
9.390000 0.256840 0.106465 0.000000
9.400000 0.251984 0.106860 0.000000
9.410000 0.246686 0.107174 0.000000
9.420000 0.241010 0.107409 0.000000
9.430000 0.235015 0.107569 0.000000
9.440000 0.228760 0.107655 0.000000
9.450000 0.222304 0.107672 0.000000
9.460000 0.215701 0.107623 0.000000
9.470000 0.209003 0.107511 0.000000
9.480000 0.202260 0.107342 0.000000
9.490000 0.195516 0.107119 0.000000
9.500000 0.188813 0.106843 0.000000
9.510000 0.182185 0.106521 0.000000
9.520000 0.175667 0.106156 0.000000
9.530000 0.169284 0.105751 0.000000
9.540000 0.163060 0.105311 0.000000
9.550000 0.157014 0.104837 0.000000
9.560000 0.151159 0.104335 0.000000
9.570000 0.145507 0.103807 0.000000
9.580000 0.140062 0.103257 0.000000
9.590000 0.134829 0.102686 0.000000
9.600000 0.129808 0.102100 0.000000
9.610000 0.124995 0.101501 0.000000
9.620000 0.120386 0.100891 0.000000
9.630000 0.115973 0.100275 0.000000
9.640000 0.111749 0.099655 0.000000
9.650000 0.107705 0.099033 0.000000
9.660000 0.103829 0.098413 0.000000
9.670000 0.100111 0.097797 0.000000
9.680000 0.096542 0.097188 0.000000
9.690000 0.093110 0.096586 0.000000
9.700000 0.089805 0.095993 0.000000
9.710000 0.086618 0.095410 0.000000
9.720000 0.083540 0.094841 0.000000
9.730000 0.080563 0.094282 0.000000
9.740000 0.077679 0.093736 0.000000
9.750000 0.074883 0.093201 0.000000
9.760000 0.072167 0.092680 0.000000
9.770000 0.069528 0.092168 0.000000
9.780000 0.066961 0.091669 0.000000
9.790000 0.064463 0.091180 0.000000
9.800000 0.062031 0.090701 0.000000
9.810000 0.059662 0.090231 0.000000
9.820000 0.057356 0.089769 0.000000
9.830000 0.055110 0.089313 0.000000
9.840000 0.052923 0.088858 0.000000
9.850000 0.050798 0.088409 0.000000
9.860000 0.048738 0.087995 0.000000
9.870000 0.046744 0.087596 0.000000
9.880000 0.044812 0.087203 0.000000
9.890000 0.042940 0.086806 0.000000
9.900000 0.041127 0.086410 0.000000
9.910000 0.039371 0.086013 0.000000
9.920000 0.037670 0.085649 0.000000
9.930000 0.036023 0.085301 0.000000
9.940000 0.034430 0.084957 0.000000
9.950000 0.032890 0.084619 0.000000
9.960000 0.031406 0.084287 0.000000
9.970000 0.029973 0.083964 0.000000
9.980000 0.028595 0.083646 0.000000
9.990000 0.027270 0.083340 0.000000
10.000000 0.025999 0.083042 0.000000
10.010000 0.024780 0.082753 0.000000
10.020000 0.023612 0.082474 0.000000
10.030000 0.022496 0.082202 0.000000
10.040000 0.021428 0.081939 0.000000
10.050000 0.020409 0.081683 0.000000
10.060000 0.019435 0.081435 0.000000
10.070000 0.018507 0.081190 0.000000
10.080000 0.017625 0.080952 0.000000
10.090000 0.016781 0.080721 0.000000
10.100000 0.015979 0.080495 0.000000
10.110000 0.015215 0.080272 0.000000
10.120000 0.014488 0.080055 0.000000
10.130000 0.013798 0.079842 0.000000
10.140000 0.013140 0.079634 0.000000
10.150000 0.012517 0.079429 0.000000
10.160000 0.011922 0.079230 0.000000
10.170000 0.011357 0.079033 0.000000
10.180000 0.010821 0.078843 0.000000
10.190000 0.010309 0.078657 0.000000
10.200000 0.009826 0.078476 0.000000
10.210000 0.009361 0.078300 0.000000
10.220000 0.008924 0.078127 0.000000
10.230000 0.008506 0.077960 0.000000
10.240000 0.008110 0.077798 0.000000
10.250000 0.007739 0.077640 0.000000
10.260000 0.007380 0.077489 0.000000
10.270000 0.007036 0.077340 0.000000
10.280000 0.006716 0.077198 0.000000
10.290000 0.006405 0.077059 0.000000
10.300000 0.006116 0.076925 0.000000
10.310000 0.005838 0.076794 0.000000
10.320000 0.005569 0.076666 0.000000
10.330000 0.005322 0.076544 0.000000
10.340000 0.005078 0.076426 0.000000
10.350000 0.004851 0.076311 0.000000
10.360000 0.004632 0.076198 0.000000
10.370000 0.004432 0.076088 0.000000
10.380000 0.004226 0.075982 0.000000
10.390000 0.004038 0.075879 0.000000
10.400000 0.003863 0.075776 0.000000
10.410000 0.003688 0.075677 0.000000
10.420000 0.003525 0.075580 0.000000
10.430000 0.003370 0.075486 0.000000
10.440000 0.003225 0.075394 0.000000
10.450000 0.003089 0.075303 0.000000
10.460000 0.002947 0.075217 0.000000
10.470000 0.002822 0.075129 0.000000
10.480000 0.002693 0.075046 0.000000
10.490000 0.002577 0.074963 0.000000
10.500000 0.002481 0.074882 0.000000
10.510000 0.002357 0.074802 0.000000
10.520000 0.002253 0.074724 0.000000
10.530000 0.002159 0.074650 0.000000
10.540000 0.002072 0.074579 0.000000
10.550000 0.001984 0.074505 0.000000
10.560000 0.001895 0.074436 0.000000
10.570000 0.001831 0.074366 0.000000
10.580000 0.001727 0.074300 0.000000
10.590000 0.001672 0.074237 0.000000
10.600000 0.001612 0.074174 0.000000
10.610000 0.001530 0.074113 0.000000
10.620000 0.001446 0.074050 0.000000
10.630000 0.001410 0.073992 0.000000
10.640000 0.001346 0.073935 0.000000
10.650000 0.001292 0.073882 0.000000
10.660000 0.001237 0.073825 0.000000
10.670000 0.001159 0.073775 0.000000
10.680000 0.001129 0.073728 0.000000
10.690000 0.001107 0.073677 0.000000
10.700000 0.001065 0.073629 0.000000
10.710000 0.000989 0.073581 0.000000
10.720000 0.000930 0.073539 0.000000
10.730000 0.000914 0.073493 0.000000
10.740000 0.000890 0.073455 0.000000
10.750000 0.000839 0.073413 0.000000
10.760000 0.000823 0.073371 0.000000
10.770000 0.000772 0.073338 0.000000
10.780000 0.000711 0.073293 0.000000
10.790000 0.000712 0.073262 0.000000
10.800000 0.000698 0.073224 0.000000
10.810000 0.000645 0.073192 0.000000
10.820000 0.000625 0.073160 0.000000
10.830000 0.000649 0.073122 0.000000
10.840000 0.000553 0.073089 0.000000
10.850000 0.000541 0.073049 0.000000
10.860000 0.000499 0.073030 0.000000
10.870000 0.000546 0.072993 0.000000
10.880000 0.000526 0.072962 0.000000
10.890000 0.000499 0.072938 0.000000
10.900000 0.000520 0.072910 0.000000
10.910000 0.000428 0.072872 0.000000
10.920000 0.000365 0.072847 0.000000
10.930000 0.000473 0.072817 0.000000
10.940000 0.000329 0.072796 0.000000
10.950000 0.000372 0.072777 0.000000
10.960000 0.000423 0.072736 0.000000
10.970000 0.000349 0.072722 0.000000
10.980000 0.000320 0.072704 0.000000
10.990000 0.000329 0.072684 0.000000
11.000000 0.000389 0.072658 0.000000
11.010000 0.000301 0.072628 0.000000
11.020000 0.000205 0.072613 0.000000
11.030000 0.000332 0.072571 0.000000
11.040000 0.000197 0.072575 0.000000
11.050000 0.000332 0.072542 0.000000
11.060000 0.000157 0.072523 0.000000
11.070000 0.000223 0.072499 0.000000
11.080000 0.000358 0.072505 0.000000
11.090000 0.000253 0.072485 0.000000
11.100000 0.000182 0.072454 0.000000
11.110000 0.000146 0.072442 0.000000
11.120000 0.000140 0.072424 0.000000
11.130000 0.000165 0.072406 0.000000
11.140000 0.000228 0.072392 0.000000
11.150000 0.000326 0.072396 0.000000
11.160000 0.000225 0.072364 0.000000
11.170000 0.000066 0.072333 0.000000
11.180000 0.000130 0.072337 0.000000
11.190000 0.000336 0.072309 0.000000
11.200000 -0.000100 0.072291 0.000000
11.210000 -0.000157 0.072301 0.000000
11.220000 -0.000245 0.072295 0.000000
11.230000 0.000049 0.072274 0.000000
11.240000 0.000322 0.072282 0.000000
11.250000 0.000010 0.072230 0.000000
11.260000 0.000335 0.072251 0.000000
11.270000 -0.000006 0.072227 0.000000
11.280000 -0.000327 0.072235 0.000000
11.290000 0.000031 0.072233 0.000000
11.300000 0.000286 0.072194 0.000000
11.310000 0.000080 0.072194 0.000000
11.320000 0.000234 0.072185 0.000000
11.330000 -0.000130 0.072171 0.000000
11.340000 -0.000188 0.072169 0.000000
11.350000 0.000169 0.072159 0.000000
11.360000 0.000161 0.072154 0.000000
11.370000 0.000180 0.072131 0.000000
11.380000 -0.000168 0.072120 0.000000
11.390000 -0.000150 0.072129 0.000000
11.400000 -0.000225 0.072122 0.000000
11.410000 0.000063 0.072105 0.000000
11.420000 0.000333 0.072120 0.000000
11.430000 0.000095 0.072080 0.000000
11.440000 -0.000133 0.072091 0.000000
11.450000 -0.000338 0.072105 0.000000
11.460000 -0.000160 0.072071 0.000000
11.470000 0.000010 0.072100 0.000000
11.480000 0.000117 0.072069 0.000000
11.490000 0.000209 0.072074 0.000000
11.500000 -0.000268 0.072026 0.000000
11.510000 -0.000293 0.072026 0.000000
11.520000 0.000281 0.072052 0.000000
11.530000 0.000231 0.072037 0.000000
11.540000 0.000140 0.072031 0.000000
11.550000 -0.000008 0.072009 0.000000
11.560000 -0.000170 0.072020 0.000000
11.570000 -0.000282 0.072021 0.000000
11.580000 0.000013 0.072011 0.000000
11.590000 0.000309 0.072030 0.000000
11.600000 0.000009 0.071997 0.000000
11.610000 -0.000240 0.071998 0.000000
11.620000 -0.000242 0.072003 0.000000
11.630000 -0.000108 0.071963 0.000000
11.640000 0.000036 0.072018 0.000000
11.650000 0.000024 0.072003 0.000000
11.660000 0.000075 0.071976 0.000000
11.670000 -0.000192 0.071997 0.000000
11.680000 -0.000293 0.071957 0.000000
11.690000 0.000038 0.071972 0.000000
11.700000 0.000289 0.071975 0.000000
11.710000 0.000020 0.071978 0.000000
11.720000 -0.000173 0.071982 0.000000
11.730000 -0.000287 0.071976 0.000000
11.740000 -0.000321 0.071962 0.000000
11.750000 0.000273 0.071971 0.000000
11.760000 0.000142 0.071971 0.000000
11.770000 0.000076 0.071926 0.000000
11.780000 -0.000282 0.071940 0.000000
11.790000 -0.000114 0.071936 0.000000
11.800000 -0.000061 0.071947 0.000000
11.810000 0.000141 0.071924 0.000000
11.820000 0.000123 0.071930 0.000000
11.830000 -0.000008 0.071929 0.000000
11.840000 -0.000212 0.071942 0.000000
11.850000 -0.000127 0.071918 0.000000
11.860000 0.000300 0.071924 0.000000
11.870000 0.000176 0.071929 0.000000
11.880000 0.000162 0.071937 0.000000
11.890000 -0.000261 0.071908 0.000000
11.900000 -0.000181 0.071944 0.000000
11.910000 -0.000150 0.071919 0.000000
11.920000 0.000054 0.071927 0.000000
11.930000 0.000135 0.071939 0.000000
11.940000 0.000092 0.071937 0.000000
11.950000 -0.000078 0.071914 0.000000
11.960000 -0.000274 0.071910 0.000000
11.970000 -0.000157 0.071891 0.000000
11.980000 0.000072 0.071910 0.000000
11.990000 0.000123 0.071910 0.000000
12.000000 -0.000313 0.071907 0.000000
12.010000 -0.000009 0.071894 0.000000
12.020000 -0.000170 0.071888 0.000000
12.030000 0.000191 0.071912 0.000000
12.040000 0.000064 0.071907 0.000000
12.050000 0.000216 0.071917 0.000000
12.060000 -0.000011 0.071913 0.000000
12.070000 -0.000041 0.071915 0.000000
12.080000 -0.000072 0.071899 0.000000
12.090000 0.000292 0.071884 0.000000
12.100000 0.000148 0.071889 0.000000
12.110000 0.000120 0.071893 0.000000
12.120000 -0.000263 0.071898 0.000000
12.130000 -0.000053 0.071889 0.000000
12.140000 -0.000190 0.071892 0.000000
12.150000 0.000146 0.071895 0.000000
12.160000 0.000081 0.071870 0.000000
12.170000 0.000136 0.071881 0.000000
12.180000 -0.000162 0.071880 0.000000
12.190000 -0.000010 0.071847 0.000000
12.200000 -0.000257 0.071885 0.000000
12.210000 0.000303 0.071870 0.000000
12.220000 0.000180 0.071887 0.000000
12.230000 -0.000164 0.071913 0.000000
12.240000 -0.000097 0.071899 0.000000
12.250000 -0.000241 0.071878 0.000000
12.260000 0.000016 0.071879 0.000000
12.270000 0.000053 0.071875 0.000000
12.280000 0.000133 0.071903 0.000000
12.290000 -0.000068 0.071876 0.000000
12.300000 -0.000039 0.071869 0.000000
12.310000 -0.000224 0.071886 0.000000
12.320000 0.000115 0.071849 0.000000
12.330000 0.000247 0.071859 0.000000
12.340000 -0.000019 0.071866 0.000000
12.350000 -0.000041 0.071865 0.000000
12.360000 -0.000287 0.071857 0.000000
12.370000 0.000242 0.071884 0.000000
12.380000 0.000165 0.071864 0.000000
12.390000 0.000290 0.071858 0.000000
12.400000 -0.000177 0.071854 0.000000
12.410000 -0.000224 0.071879 0.000000
12.420000 -0.000282 0.071876 0.000000
12.430000 0.000086 0.071860 0.000000
12.440000 0.000152 0.071863 0.000000
12.450000 0.000078 0.071849 0.000000
12.460000 -0.000012 0.071874 0.000000
12.470000 -0.000225 0.071858 0.000000
12.480000 -0.000132 0.071863 0.000000
12.490000 0.000269 0.071846 0.000000
12.500000 0.000168 0.071844 0.000000
12.510000 0.000282 0.071857 0.000000
12.520000 -0.000070 0.071851 0.000000
12.530000 -0.000098 0.071839 0.000000
12.540000 -0.000211 0.071879 0.000000
12.550000 0.000273 0.071858 0.000000
12.560000 0.000158 0.071864 0.000000
12.570000 0.000184 0.071846 0.000000
12.580000 -0.000164 0.071865 0.000000
12.590000 -0.000221 0.071844 0.000000
12.600000 -0.000135 0.071855 0.000000
12.610000 0.000111 0.071858 0.000000
12.620000 0.000253 0.071842 0.000000
12.630000 0.000006 0.071860 0.000000
12.640000 -0.000095 0.071847 0.000000
12.650000 -0.000055 0.071856 0.000000
12.660000 -0.000116 0.071847 0.000000
12.670000 0.000134 0.071846 0.000000
12.680000 0.000264 0.071852 0.000000
12.690000 0.000225 0.071847 0.000000
12.700000 -0.000255 0.071847 0.000000
12.710000 -0.000122 0.071843 0.000000
12.720000 -0.000077 0.071855 0.000000
12.730000 0.000191 0.071850 0.000000
12.740000 0.000110 0.071856 0.000000
12.750000 -0.000076 0.071845 0.000000
