0.010000 0.000000 0.000000 0.000000
0.020000 0.000000 0.000000 0.000000
0.030000 0.000000 0.000000 0.000000
0.040000 0.000000 0.000000 0.000000
0.050000 0.000000 0.000000 0.000000
0.060000 0.000000 0.000000 0.000000
0.070000 0.000000 0.000000 0.000000
0.080000 0.000000 0.000000 0.000000
0.090000 0.000000 0.000000 0.000000
0.100000 0.000000 0.000000 0.000000
0.110000 0.000000 0.000000 0.000000
0.120000 0.000000 0.000000 0.000000
0.130000 0.000000 0.000000 0.000000
0.140000 0.000000 0.000000 0.000000
0.150000 0.000000 0.000000 0.000000
0.160000 0.000000 0.000000 0.000000
0.170000 0.000000 0.000000 0.000000
0.180000 0.000000 0.000000 0.000000
0.190000 0.000000 0.000000 0.000000
0.200000 0.000000 0.000000 0.000000
0.210000 0.000000 0.000000 0.000000
0.220000 0.000000 0.000000 0.000000
0.230000 0.000000 0.000000 0.000000
0.240000 0.000000 0.000000 0.000000
0.250000 0.000000 0.000000 0.000000
0.260000 0.000000 0.000000 0.000000
0.270000 0.000000 0.000000 0.000000
0.280000 0.000000 0.000000 0.000000
0.290000 0.000000 0.000000 0.000000
0.300000 0.000000 0.000000 0.000000
0.310000 0.000000 0.000000 0.000000
0.320000 0.000000 0.000000 0.000000
0.330000 0.000000 0.000000 0.000000
0.340000 0.000000 0.000000 0.000000
0.350000 0.000000 0.000000 0.000000
0.360000 0.000000 0.000000 0.000000
0.370000 0.000000 0.000000 0.000000
0.380000 0.000000 0.000000 0.000000
0.390000 0.000000 0.000000 0.000000
0.400000 0.000000 0.000000 0.000000
0.410000 0.000000 0.000000 0.000000
0.420000 0.000000 0.000000 0.000000
0.430000 0.000000 0.000000 0.000000
0.440000 0.000000 0.000000 0.000000
0.450000 0.000000 0.000000 0.000000
0.460000 0.000000 0.000000 0.000000
0.470000 0.000000 0.000000 0.000000
0.480000 0.000000 0.000000 0.000000
0.490000 0.000000 0.000000 0.000000
0.500000 0.000000 0.000000 0.000000
0.510000 0.000000 0.000000 0.000000
0.520000 0.000000 0.000000 0.000000
0.530000 0.000000 0.000000 0.000000
0.540000 0.000000 0.000000 0.000000
0.550000 0.000000 0.000000 0.000000
0.560000 0.000000 0.000000 0.000000
0.570000 0.000000 0.000000 0.000000
0.580000 0.000000 0.000000 0.000000
0.590000 0.000000 0.000000 0.000000
0.600000 0.000000 0.000000 0.000000
0.610000 0.000000 0.000000 0.000000
0.620000 0.000000 0.000000 0.000000
0.630000 0.000000 0.000000 0.000000
0.640000 0.000000 0.000000 0.000000
0.650000 0.000000 0.000000 0.000000
0.660000 0.000000 0.000000 0.000000
0.670000 0.000000 0.000000 0.000000
0.680000 0.000000 0.000000 0.000000
0.690000 0.000000 0.000000 0.000000
0.700000 0.000000 0.000000 0.000000
0.710000 0.000000 0.000000 0.000000
0.720000 0.000000 0.000000 0.000000
0.730000 0.000000 0.000000 0.000000
0.740000 0.000000 0.000000 0.000000
0.750000 0.000000 0.000000 0.000000
0.760000 0.000000 0.000000 0.000000
0.770000 0.000000 0.000000 0.000000
0.780000 0.000000 0.000000 0.000000
0.790000 0.000000 0.000000 0.000000
0.800000 0.000000 0.000000 0.000000
0.810000 0.000000 0.000000 0.000000
0.820000 0.000000 0.000000 0.000000
0.830000 0.000000 0.000000 0.000000
0.840000 0.000000 0.000000 0.000000
0.850000 0.000000 0.000000 0.000000
0.860000 0.000000 0.000000 0.000000
0.870000 0.000000 0.000000 0.000000
0.880000 0.000000 0.000000 0.000000
0.890000 0.000000 0.000000 0.000000
0.900000 0.000000 0.000000 0.000000
0.910000 0.000000 0.000000 0.000000
0.920000 0.000000 0.000000 0.000000
0.930000 0.000000 0.000000 0.000000
0.940000 0.000000 0.000000 0.000000
0.950000 0.000000 0.000000 0.000000
0.960000 0.000000 0.000000 0.000000
0.970000 0.000000 0.000000 0.000000
0.980000 0.000000 0.000000 0.000000
0.990000 0.000000 0.000000 0.000000
1.000000 0.000000 0.000000 0.000000
1.010000 0.003208 1.000000 0.000000
1.020000 0.003229 1.000000 0.000000
1.030000 0.003274 1.000000 0.000000
1.040000 0.003336 1.000000 0.000000
1.050000 0.003405 1.000000 0.000000
1.060000 0.003481 1.000000 0.000000
1.070000 0.003558 1.000000 0.000000
1.080000 0.003633 1.000000 0.000000
1.090000 0.003699 1.000000 0.000000
1.100000 0.003758 1.000000 0.000000
1.110000 0.003810 1.000000 0.000000
1.120000 0.003847 1.000000 0.000000
1.130000 0.003870 1.000000 0.000000
1.140000 0.003880 1.000000 0.000000
1.150000 0.003881 1.000000 0.000000
1.160000 0.003860 1.000000 0.000000
1.170000 0.003821 1.000000 0.000000
1.180000 0.003771 1.000000 0.000000
1.190000 0.003708 1.000000 0.000000
1.200000 0.003634 1.000000 0.000000
1.210000 0.003543 1.000000 0.000000
1.220000 0.003448 1.000000 0.000000
1.230000 0.003345 1.000000 0.000000
1.240000 0.003234 1.000000 0.000000
1.250000 0.003120 1.000000 0.000000
1.260000 0.003009 1.000000 0.000000
1.270000 0.002894 1.000000 0.000000
1.280000 0.002780 1.000000 0.000000
1.290000 0.002667 1.000000 0.000000
1.300000 0.002563 1.000000 0.000000
1.310000 0.002478 1.000000 0.000000
1.320000 0.002422 1.000000 0.000000
1.330000 0.002411 1.000000 0.000000
1.340000 0.002464 1.000000 0.000000
1.350000 0.002578 1.000000 0.000000
1.360000 0.002770 1.000000 0.000000
1.370000 0.003046 1.000000 0.000000
1.380000 0.003400 1.000000 0.000000
1.390000 0.003816 1.000000 0.000000
1.400000 0.004291 1.000000 0.000000
1.410000 0.004812 1.000000 0.000000
1.420000 0.005373 1.000000 0.000000
1.430000 0.005947 1.000000 0.000000
1.440000 0.006523 1.000000 0.000000
1.450000 0.007099 1.000000 0.000000
1.460000 0.007674 1.000000 0.000000
1.470000 0.008237 1.000000 0.000000
1.480000 0.008793 1.000000 0.000000
1.490000 0.009343 1.000000 0.000000
1.500000 0.009885 1.000000 0.000000
1.510000 0.010427 1.000000 0.000000
1.520000 0.010969 1.000000 0.000000
1.530000 0.011513 1.000000 0.000000
1.540000 0.012057 1.000000 0.000000
1.550000 0.012604 1.000000 0.000000
1.560000 0.013150 1.000000 0.000000
1.570000 0.013665 1.000000 0.000000
1.580000 0.014113 1.000000 0.000000
1.590000 0.014500 1.000000 0.000000
1.600000 0.014841 1.000000 0.000000
1.610000 0.015143 1.000000 0.000000
1.620000 0.015342 1.000000 0.000000
1.630000 0.015124 1.000000 0.000000
1.640000 0.014459 1.000000 0.000000
1.650000 0.013523 1.000000 0.000000
1.660000 0.012445 1.000000 0.000000
1.670000 0.011314 1.000000 0.000000
1.680000 0.010190 1.000000 0.000000
1.690000 0.009115 1.000000 0.000000
1.700000 0.008113 1.000000 0.000000
1.710000 0.007203 1.000000 0.000000
1.720000 0.006385 1.000000 0.000000
1.730000 0.005668 1.000000 0.000000
1.740000 0.005036 1.000000 0.000000
1.750000 0.004480 1.000000 0.000000
1.760000 0.003990 1.000000 0.000000
1.770000 0.003544 1.000000 0.000000
1.780000 0.003126 1.000000 0.000000
1.790000 0.002707 1.000000 0.000000
1.800000 0.002277 1.000000 0.000000
1.810000 0.001809 1.000000 0.000000
1.820000 0.001316 1.000000 0.000000
1.830000 0.000758 1.000000 0.000000
1.840000 0.000111 1.000000 0.000000
1.850000 -0.000609 1.000000 0.000000
1.860000 -0.001336 1.000000 0.000000
1.870000 -0.002112 1.000000 0.000000
1.880000 -0.002937 1.000000 0.000000
1.890000 -0.003807 1.000000 0.000000
1.900000 -0.004699 1.000000 0.000000
1.910000 -0.005600 1.000000 0.000000
1.920000 -0.006504 1.000000 0.000000
1.930000 -0.007406 1.000000 0.000000
1.940000 -0.008293 1.000000 0.000000
1.950000 -0.009157 1.000000 0.000000
1.960000 -0.009997 1.000000 0.000000
1.970000 -0.010800 1.000000 0.000000
1.980000 -0.011569 1.000000 0.000000
1.990000 -0.012297 1.000000 0.000000
2.000000 -0.012985 1.000000 0.000000
2.010000 -0.013632 1.000000 0.000000
2.020000 -0.014233 1.000000 0.000000
2.030000 -0.014793 1.000000 0.000000
2.040000 -0.015310 1.000000 0.000000
2.050000 -0.015786 1.000000 0.000000
2.060000 -0.016221 1.000000 0.000000
2.070000 -0.016618 1.000000 0.000000
2.080000 -0.016977 1.000000 0.000000
2.090000 -0.017301 1.000000 0.000000
2.100000 -0.017590 1.000000 0.000000
2.110000 -0.017848 1.000000 0.000000
2.120000 -0.018073 1.000000 0.000000
2.130000 -0.018271 1.000000 0.000000
2.140000 -0.018442 1.000000 0.000000
2.150000 -0.018591 1.000000 0.000000
2.160000 -0.018719 1.000000 0.000000
2.170000 -0.018827 1.000000 0.000000
2.180000 -0.018922 1.000000 0.000000
2.190000 -0.019000 1.000000 0.000000
2.200000 -0.019070 1.000000 0.000000
2.210000 -0.019130 1.000000 0.000000
2.220000 -0.019185 1.000000 0.000000
2.230000 -0.019239 1.000000 0.000000
2.240000 -0.019289 1.000000 0.000000
2.250000 -0.019337 1.000000 0.000000
2.260000 -0.019387 1.000000 0.000000
2.270000 -0.019438 1.000000 0.000000
2.280000 -0.019492 1.000000 0.000000
2.290000 -0.019546 1.000000 0.000000
2.300000 -0.019603 1.000000 0.000000
2.310000 -0.019658 1.000000 0.000000
2.320000 -0.019712 1.000000 0.000000
2.330000 -0.019765 1.000000 0.000000
2.340000 -0.019815 1.000000 0.000000
2.350000 -0.019859 1.000000 0.000000
2.360000 -0.019895 1.000000 0.000000
2.370000 -0.019926 1.000000 0.000000
2.380000 -0.019946 1.000000 0.000000
2.390000 -0.019958 1.000000 0.000000
2.400000 -0.019959 1.000000 0.000000
2.410000 -0.019948 1.000000 0.000000
2.420000 -0.019927 1.000000 0.000000
2.430000 -0.019893 1.000000 0.000000
2.440000 -0.019849 1.000000 0.000000
2.450000 -0.019793 1.000000 0.000000
2.460000 -0.019727 1.000000 0.000000
2.470000 -0.019652 1.000000 0.000000
2.480000 -0.019567 1.000000 0.000000
2.490000 -0.019476 1.000000 0.000000
2.500000 -0.019378 1.000000 0.000000
2.510000 -0.019276 1.000000 0.000000
2.520000 -0.019170 1.000000 0.000000
2.530000 -0.019062 1.000000 0.000000
2.540000 -0.018955 1.000000 0.000000
2.550000 -0.018847 1.000000 0.000000
2.560000 -0.018744 1.000000 0.000000
2.570000 -0.018641 1.000000 0.000000
2.580000 -0.018544 1.000000 0.000000
2.590000 -0.018453 1.000000 0.000000
2.600000 -0.018366 1.000000 0.000000
2.610000 -0.018288 1.000000 0.000000
2.620000 -0.018218 1.000000 0.000000
2.630000 -0.018155 1.000000 0.000000
2.640000 -0.018098 1.000000 0.000000
2.650000 -0.018049 1.000000 0.000000
2.660000 -0.018010 1.000000 0.000000
2.670000 -0.017975 1.000000 0.000000
2.680000 -0.017945 1.000000 0.000000
2.690000 -0.017921 1.000000 0.000000
2.700000 -0.017903 1.000000 0.000000
2.710000 -0.017887 1.000000 0.000000
2.720000 -0.017875 1.000000 0.000000
2.730000 -0.017862 1.000000 0.000000
2.740000 -0.017851 1.000000 0.000000
2.750000 -0.017839 1.000000 0.000000
2.760000 -0.017825 1.000000 0.000000
2.770000 -0.017810 1.000000 0.000000
2.780000 -0.017791 1.000000 0.000000
2.790000 -0.017768 1.000000 0.000000
2.800000 -0.017743 1.000000 0.000000
2.810000 -0.017711 1.000000 0.000000
2.820000 -0.017677 1.000000 0.000000
2.830000 -0.017639 1.000000 0.000000
2.840000 -0.017596 1.000000 0.000000
2.850000 -0.017548 1.000000 0.000000
2.860000 -0.017497 1.000000 0.000000
2.870000 -0.017446 1.000000 0.000000
2.880000 -0.017389 1.000000 0.000000
2.890000 -0.017362 0.991811 0.000000
2.900000 -0.017390 0.976029 0.000000
2.910000 -0.017484 0.960274 0.000000
2.920000 -0.017639 0.943696 0.000000
2.930000 -0.017850 0.926214 0.000000
2.940000 -0.018113 0.907819 0.000000
2.950000 -0.018421 0.888665 0.000000
2.960000 -0.018769 0.868968 0.000000
2.970000 -0.019152 0.848945 0.000000
2.980000 -0.019563 0.828818 0.000000
2.990000 -0.019994 0.808801 0.000000
3.000000 -0.020435 0.789082 0.000000
3.010000 -0.020882 0.769755 0.000000
3.020000 -0.021322 0.750930 0.000000
3.030000 -0.021753 0.732610 0.000000
3.040000 -0.022161 0.714824 0.000000
3.050000 -0.022548 0.697512 0.000000
3.060000 -0.022909 0.680590 0.000000
3.070000 -0.023239 0.663982 0.000000
3.080000 -0.023539 0.647580 0.000000
3.090000 -0.023807 0.631289 0.000000
3.100000 -0.024047 0.615023 0.000000
3.110000 -0.024259 0.598669 0.000000
3.120000 -0.024446 0.582230 0.000000
3.130000 -0.024612 0.565606 0.000000
3.140000 -0.024757 0.548806 0.000000
3.150000 -0.024885 0.531820 0.000000
3.160000 -0.024997 0.514653 0.000000
3.170000 -0.025093 0.497309 0.000000
3.180000 -0.025174 0.479808 0.000000
3.190000 -0.025237 0.462193 0.000000
3.200000 -0.025276 0.444455 0.000000
3.210000 -0.025288 0.426628 0.000000
3.220000 -0.025263 0.408677 0.000000
3.230000 -0.025186 0.390647 0.000000
3.240000 -0.025033 0.372534 0.000000
3.250000 -0.024761 0.354909 0.000000
3.260000 -0.024295 0.339197 0.000000
3.270000 -0.023553 0.326950 0.000000
3.280000 -0.022511 0.318576 0.000000
3.290000 -0.021209 0.313248 0.000000
3.300000 -0.019710 0.309719 0.000000
3.310000 -0.018094 0.306898 0.000000
3.320000 -0.016419 0.303996 0.000000
3.330000 -0.014730 0.300556 0.000000
3.340000 -0.013061 0.296365 0.000000
3.350000 -0.011436 0.291400 0.000000
3.360000 -0.009874 0.285762 0.000000
3.370000 -0.008383 0.279636 0.000000
3.380000 -0.006975 0.273236 0.000000
3.390000 -0.005663 0.266794 0.000000
3.400000 -0.004440 0.260520 0.000000
3.410000 -0.003329 0.254603 0.000000
3.420000 -0.002292 0.249185 0.000000
3.430000 -0.001358 0.244369 0.000000
3.440000 -0.000530 0.240212 0.000000
3.450000 0.000272 0.236677 0.000000
3.460000 0.000906 0.233827 0.000000
3.470000 0.001482 0.231545 0.000000
3.480000 0.001973 0.229740 0.000000
3.490000 0.002383 0.228316 0.000000
3.500000 0.002737 0.227156 0.000000
3.510000 0.003045 0.226155 0.000000
3.520000 0.003290 0.225209 0.000000
3.530000 0.003482 0.224222 0.000000
3.540000 0.003643 0.223125 0.000000
3.550000 0.003751 0.221859 0.000000
3.560000 0.003832 0.220383 0.000000
3.570000 0.003884 0.218688 0.000000
3.580000 0.003898 0.216763 0.000000
3.590000 0.003908 0.214636 0.000000
3.600000 0.003877 0.212324 0.000000
3.610000 0.003843 0.209873 0.000000
3.620000 0.003791 0.207319 0.000000
3.630000 0.003729 0.204712 0.000000
3.640000 0.003656 0.202098 0.000000
3.650000 0.003589 0.199511 0.000000
3.660000 0.003495 0.196998 0.000000
3.670000 0.003412 0.194579 0.000000
3.680000 0.003336 0.192282 0.000000
3.690000 0.003246 0.190115 0.000000
3.700000 0.003152 0.188085 0.000000
3.710000 0.003063 0.186190 0.000000
3.720000 0.002977 0.184423 0.000000
3.730000 0.002893 0.182769 0.000000
3.740000 0.002812 0.181210 0.000000
3.750000 0.002733 0.179729 0.000000
3.760000 0.002660 0.178306 0.000000
3.770000 0.002594 0.176920 0.000000
3.780000 0.002511 0.175555 0.000000
3.790000 0.002427 0.174201 0.000000
3.800000 0.002359 0.172835 0.000000
3.810000 0.002302 0.171457 0.000000
3.820000 0.002214 0.170060 0.000000
3.830000 0.002169 0.168643 0.000000
3.840000 0.002078 0.167201 0.000000
3.850000 0.002025 0.165746 0.000000
3.860000 0.001961 0.164277 0.000000
3.870000 0.001884 0.162804 0.000000
3.880000 0.001819 0.161332 0.000000
3.890000 0.001757 0.159869 0.000000
3.900000 0.001697 0.158421 0.000000
3.910000 0.001643 0.156998 0.000000
3.920000 0.001607 0.155605 0.000000
3.930000 0.001532 0.154237 0.000000
3.940000 0.001478 0.152911 0.000000
3.950000 0.001424 0.151619 0.000000
3.960000 0.001399 0.150360 0.000000
3.970000 0.001324 0.149144 0.000000
3.980000 0.001270 0.147959 0.000000
3.990000 0.001223 0.146802 0.000000
4.000000 0.001184 0.145677 0.000000
4.010000 0.001169 0.144578 0.000000
4.020000 0.001097 0.143493 0.000000
4.030000 0.001062 0.142429 0.000000
4.040000 0.001010 0.141381 0.000000
4.050000 0.001001 0.140342 0.000000
4.060000 0.000984 0.139322 0.000000
4.070000 0.000951 0.138309 0.000000
4.080000 0.000887 0.137304 0.000000
4.090000 0.000821 0.136301 0.000000
4.100000 0.000829 0.135316 0.000000
4.110000 0.000753 0.134342 0.000000
4.120000 0.000740 0.133368 0.000000
4.130000 0.000725 0.132409 0.000000
4.140000 0.000681 0.131469 0.000000
4.150000 0.000631 0.130536 0.000000
4.160000 0.000665 0.129624 0.000000
4.170000 0.000576 0.128719 0.000000
4.180000 0.000566 0.127836 0.000000
4.190000 0.000548 0.126968 0.000000
4.200000 0.000504 0.126115 0.000000
4.210000 0.000500 0.125283 0.000000
4.220000 0.000478 0.124456 0.000000
4.230000 0.000540 0.123653 0.000000
4.240000 0.000495 0.122860 0.000000
4.250000 0.000485 0.122085 0.000000
4.260000 0.000374 0.121316 0.000000
4.270000 0.000464 0.120562 0.000000
4.280000 0.000368 0.119835 0.000000
4.290000 0.000352 0.119102 0.000000
4.300000 0.000428 0.118373 0.000000
4.310000 0.000281 0.117665 0.000000
4.320000 0.000355 0.116969 0.000000
4.330000 0.000373 0.116274 0.000000
4.340000 0.000281 0.115587 0.000000
4.350000 0.000246 0.114921 0.000000
4.360000 0.000216 0.114241 0.000000
4.370000 0.000218 0.113585 0.000000
4.380000 0.000174 0.112945 0.000000
4.390000 0.000348 0.112305 0.000000
4.400000 0.000232 0.111657 0.000000
4.410000 0.000246 0.111046 0.000000
4.420000 0.000256 0.110450 0.000000
4.430000 0.000201 0.109861 0.000000
4.440000 0.000149 0.109262 0.000000
4.450000 0.000267 0.108692 0.000000
4.460000 0.000087 0.108111 0.000000
4.470000 0.000164 0.107555 0.000000
4.480000 0.000071 0.107019 0.000000
4.490000 0.000257 0.106444 0.000000
4.500000 0.000138 0.105924 0.000000
4.510000 0.000233 0.105408 0.000000
4.520000 0.000086 0.104866 0.000000
4.530000 -0.000182 0.104372 0.000000
4.540000 -0.000054 0.103874 0.000000
4.550000 0.000302 0.103390 0.000000
4.560000 0.000263 0.102892 0.000000
4.570000 0.000166 0.102425 0.000000
4.580000 0.000270 0.101959 0.000000
4.590000 0.000295 0.101517 0.000000
4.600000 -0.000012 0.101054 0.000000
4.610000 -0.000054 0.100595 0.000000
4.620000 0.000138 0.100154 0.000000
4.630000 0.000028 0.099719 0.000000
4.640000 0.000074 0.099307 0.000000
4.650000 0.000171 0.098856 0.000000
4.660000 -0.000142 0.098441 0.000000
4.670000 -0.000165 0.098056 0.000000
4.680000 0.000144 0.097676 0.000000
4.690000 0.000196 0.097242 0.000000
4.700000 0.000243 0.096848 0.000000
4.710000 0.000007 0.096458 0.000000
4.720000 -0.000047 0.096099 0.000000
4.730000 -0.000207 0.095699 0.000000
4.740000 -0.000172 0.095345 0.000000
4.750000 0.000141 0.094980 0.000000
4.760000 0.000132 0.094626 0.000000
4.770000 0.000204 0.094265 0.000000
4.780000 -0.000279 0.093919 0.000000
4.790000 -0.000104 0.093586 0.000000
4.800000 -0.000273 0.093233 0.000000
4.810000 0.000206 0.092920 0.000000
4.820000 0.000088 0.092591 0.000000
4.830000 0.000019 0.092272 0.000000
4.840000 -0.000161 0.091960 0.000000
4.850000 -0.000071 0.091638 0.000000
4.860000 -0.000107 0.091340 0.000000
4.870000 0.000043 0.091037 0.000000
4.880000 0.000203 0.090735 0.000000
4.890000 0.000278 0.090466 0.000000
4.900000 -0.000195 0.090156 0.000000
4.910000 -0.000036 0.089882 0.000000
4.920000 0.000156 0.089601 0.000000
4.930000 0.000217 0.089328 0.000000
4.940000 0.000158 0.089057 0.000000
4.950000 -0.000011 0.088789 0.000000
4.960000 -0.000273 0.088533 0.000000
4.970000 -0.000074 0.088276 0.000000
4.980000 0.000047 0.088019 0.000000
4.990000 0.000100 0.087770 0.000000
5.000000 0.000099 0.087523 0.000000
5.010000 -0.000057 0.087282 0.000000
5.020000 -0.000017 0.087044 0.000000
5.030000 0.000106 0.086804 0.000000
5.040000 0.000200 0.086574 0.000000
5.050000 0.000242 0.086347 0.000000
5.060000 -0.000176 0.086123 0.000000
5.070000 -0.000146 0.085902 0.000000
5.080000 -0.000164 0.085685 0.000000
5.090000 0.000246 0.085470 0.000000
5.100000 0.000108 0.085258 0.000000
5.110000 0.000145 0.085050 0.000000
5.120000 -0.000004 0.084841 0.000000
5.130000 -0.000024 0.084639 0.000000
5.140000 0.000097 0.084441 0.000000
5.150000 0.000122 0.084243 0.000000
5.160000 0.000162 0.084050 0.000000
5.170000 -0.000009 0.083857 0.000000
5.180000 -0.000130 0.083671 0.000000
5.190000 -0.000017 0.083485 0.000000
5.200000 0.000134 0.083304 0.000000
5.210000 0.000024 0.083125 0.000000
5.220000 0.000002 0.082946 0.000000
5.230000 -0.000177 0.082767 0.000000
5.240000 -0.000013 0.082603 0.000000
5.250000 0.000052 0.082432 0.000000
5.260000 0.000044 0.082267 0.000000
5.270000 0.000006 0.082097 0.000000
5.280000 -0.000064 0.081946 0.000000
5.290000 -0.000101 0.081783 0.000000
5.300000 -0.000082 0.081634 0.000000
5.310000 0.000024 0.081472 0.000000
5.320000 0.000181 0.081341 0.000000
5.330000 0.000207 0.081181 0.000000
5.340000 -0.000062 0.081032 0.000000
5.350000 -0.000085 0.080907 0.000000
5.360000 -0.000174 0.080739 0.000000
5.370000 0.000068 0.080607 0.000000
5.380000 0.000069 0.080475 0.000000
5.390000 0.000179 0.080332 0.000000
5.400000 -0.000052 0.080202 0.000000
5.410000 -0.000021 0.080073 0.000000
5.420000 -0.000187 0.079944 0.000000
5.430000 0.000148 0.079816 0.000000
5.440000 0.000142 0.079698 0.000000
5.450000 0.000100 0.079570 0.000000
5.460000 -0.000059 0.079449 0.000000
5.470000 -0.000063 0.079330 0.000000
5.480000 -0.000017 0.079214 0.000000
5.490000 0.000029 0.079099 0.000000
5.500000 0.000127 0.078984 0.000000
5.510000 -0.000014 0.078869 0.000000
5.520000 -0.000077 0.078758 0.000000
5.530000 -0.000082 0.078648 0.000000
5.540000 0.000019 0.078543 0.000000
5.550000 0.000067 0.078433 0.000000
5.560000 0.000030 0.078332 0.000000
5.570000 -0.000048 0.078228 0.000000
5.580000 -0.000027 0.078133 0.000000
5.590000 -0.000109 0.078033 0.000000
5.600000 0.000097 0.077934 0.000000
5.610000 0.000034 0.077838 0.000000
5.620000 -0.000040 0.077739 0.000000
5.630000 -0.000018 0.077646 0.000000
5.640000 -0.000031 0.077550 0.000000
5.650000 0.000014 0.077464 0.000000
5.660000 0.000017 0.077375 0.000000
5.670000 0.000059 0.077287 0.000000
5.680000 0.000001 0.077197 0.000000
5.690000 -0.000032 0.077113 0.000000
5.700000 -0.000048 0.077029 0.000000
5.710000 0.000121 0.076947 0.000000
5.720000 0.002167 0.076863 0.000000
5.730000 0.006541 0.076773 0.000000
5.740000 0.012950 0.076668 0.000000
5.750000 0.021079 0.076552 0.000000
5.760000 0.030613 0.076438 0.000000
5.770000 0.041251 0.076345 0.000000
5.780000 0.052717 0.076298 0.000000
5.790000 0.064761 0.076320 0.000000
5.800000 0.077167 0.076430 0.000000
5.810000 0.089749 0.076640 0.000000
5.820000 0.102354 0.076962 0.000000
5.830000 0.114852 0.077400 0.000000
5.840000 0.127139 0.077952 0.000000
5.850000 0.139131 0.078615 0.000000
5.860000 0.150762 0.079383 0.000000
5.870000 0.161979 0.080250 0.000000
5.880000 0.172744 0.081201 0.000000
5.890000 0.183026 0.082235 0.000000
5.900000 0.192802 0.083342 0.000000
5.910000 0.202053 0.084516 0.000000
5.920000 0.210764 0.085753 0.000000
5.930000 0.218923 0.087042 0.000000
5.940000 0.226522 0.088383 0.000000
5.950000 0.233551 0.089768 0.000000
5.960000 0.240005 0.091195 0.000000
5.970000 0.245879 0.092658 0.000000
5.980000 0.251167 0.094156 0.000000
5.990000 0.255870 0.095684 0.000000
6.000000 0.259985 0.097238 0.000000
6.010000 0.263515 0.098816 0.000000
6.020000 0.266461 0.100414 0.000000
6.030000 0.268829 0.102025 0.000000
6.040000 0.270625 0.103648 0.000000
6.050000 0.271856 0.105276 0.000000
6.060000 0.272533 0.106906 0.000000
6.070000 0.272668 0.108538 0.000000
6.080000 0.272272 0.110158 0.000000
6.090000 0.271360 0.111764 0.000000
6.100000 0.269949 0.113348 0.000000
6.110000 0.268055 0.114904 0.000000
6.120000 0.265698 0.116429 0.000000
6.130000 0.262896 0.117909 0.000000
6.140000 0.259670 0.119345 0.000000
6.150000 0.256043 0.120726 0.000000
6.160000 0.252038 0.122044 0.000000
6.170000 0.247678 0.123295 0.000000
6.180000 0.242988 0.124476 0.000000
6.190000 0.237994 0.125569 0.000000
6.200000 0.232721 0.126588 0.000000
6.210000 0.227198 0.127511 0.000000
6.220000 0.221450 0.128343 0.000000
6.230000 0.215504 0.129078 0.000000
6.240000 0.209388 0.129720 0.000000
6.250000 0.203128 0.130260 0.000000
6.260000 0.196750 0.130700 0.000000
6.270000 0.190279 0.131042 0.000000
6.280000 0.183740 0.131283 0.000000
6.290000 0.177156 0.131433 0.000000
6.300000 0.170548 0.131484 0.000000
6.310000 0.163936 0.131447 0.000000
6.320000 0.157338 0.131324 0.000000
6.330000 0.150768 0.131120 0.000000
6.340000 0.144242 0.130836 0.000000
6.350000 0.137771 0.130481 0.000000
6.360000 0.131362 0.130055 0.000000
6.370000 0.125024 0.129563 0.000000
6.380000 0.118760 0.129022 0.000000
6.390000 0.112572 0.128423 0.000000
6.400000 0.106461 0.127775 0.000000
6.410000 0.100424 0.127085 0.000000
6.420000 0.094458 0.126353 0.000000
6.430000 0.088557 0.125590 0.000000
6.440000 0.082715 0.124793 0.000000
6.450000 0.076923 0.123973 0.000000
6.460000 0.071172 0.123129 0.000000
6.470000 0.065454 0.122270 0.000000
6.480000 0.059757 0.121394 0.000000
6.490000 0.054071 0.120509 0.000000
6.500000 0.048385 0.119620 0.000000
6.510000 0.042689 0.118730 0.000000
6.520000 0.036970 0.117841 0.000000
6.530000 0.031218 0.116957 0.000000
6.540000 0.025421 0.116082 0.000000
6.550000 0.019568 0.115217 0.000000
6.560000 0.013646 0.114351 0.000000
6.570000 0.007649 0.113519 0.000000
6.580000 0.001574 0.112748 0.000000
6.590000 -0.004599 0.112002 0.000000
6.600000 -0.010887 0.111273 0.000000
6.610000 -0.017310 0.110564 0.000000
6.620000 -0.023885 0.109874 0.000000
6.630000 -0.030631 0.109187 0.000000
6.640000 -0.037567 0.108590 0.000000
6.650000 -0.044711 0.108045 0.000000
6.660000 -0.052082 0.107533 0.000000
6.670000 -0.059697 0.107061 0.000000
6.680000 -0.067573 0.106635 0.000000
6.690000 -0.075729 0.106258 0.000000
6.700000 -0.084185 0.105939 0.000000
6.710000 -0.092963 0.105696 0.000000
6.720000 -0.102092 0.105522 0.000000
6.730000 -0.111605 0.105424 0.000000
6.740000 -0.121543 0.105409 0.000000
6.750000 -0.131951 0.105487 0.000000
6.760000 -0.142880 0.105666 0.000000
6.770000 -0.154387 0.105952 0.000000
6.780000 -0.166539 0.106373 0.000000
6.790000 -0.179407 0.106931 0.000000
6.800000 -0.193069 0.107639 0.000000
6.810000 -0.207611 0.108518 0.000000
6.820000 -0.222844 0.109582 0.000000
6.830000 -0.236936 0.110815 0.000000
6.840000 -0.249531 0.112211 0.000000
6.850000 -0.260645 0.113732 0.000000
6.860000 -0.270317 0.115345 0.000000
6.870000 -0.278596 0.117025 0.000000
6.880000 -0.285537 0.118749 0.000000
6.890000 -0.291194 0.120506 0.000000
6.900000 -0.295623 0.122274 0.000000
6.910000 -0.298874 0.124042 0.000000
6.920000 -0.300996 0.125795 0.000000
6.930000 -0.302039 0.127522 0.000000
6.940000 -0.302048 0.129214 0.000000
6.950000 -0.301071 0.130855 0.000000
6.960000 -0.299157 0.132440 0.000000
6.970000 -0.296356 0.133965 0.000000
6.980000 -0.292723 0.135416 0.000000
6.990000 -0.288313 0.136792 0.000000
7.000000 -0.283187 0.138084 0.000000
7.010000 -0.277406 0.139288 0.000000
7.020000 -0.271036 0.140391 0.000000
7.030000 -0.264143 0.141404 0.000000
7.040000 -0.256796 0.142293 0.000000
7.050000 -0.249064 0.143074 0.000000
7.060000 -0.241017 0.143735 0.000000
7.070000 -0.232722 0.144274 0.000000
7.080000 -0.224248 0.144689 0.000000
7.090000 -0.215661 0.144979 0.000000
7.100000 -0.207024 0.145151 0.000000
7.110000 -0.198397 0.145199 0.000000
7.120000 -0.189837 0.145131 0.000000
7.130000 -0.181397 0.144959 0.000000
7.140000 -0.173123 0.144689 0.000000
7.150000 -0.165060 0.144323 0.000000
7.160000 -0.157242 0.143876 0.000000
7.170000 -0.149703 0.143352 0.000000
7.180000 -0.142466 0.142758 0.000000
7.190000 -0.135552 0.142109 0.000000
7.200000 -0.128972 0.141400 0.000000
7.210000 -0.122734 0.140643 0.000000
7.220000 -0.116840 0.139841 0.000000
7.230000 -0.111286 0.138998 0.000000
7.240000 -0.106063 0.138123 0.000000
7.250000 -0.101160 0.137214 0.000000
7.260000 -0.096561 0.136277 0.000000
7.270000 -0.092247 0.135317 0.000000
7.280000 -0.088199 0.134341 0.000000
7.290000 -0.084394 0.133351 0.000000
7.300000 -0.080810 0.132352 0.000000
7.310000 -0.077425 0.131350 0.000000
7.320000 -0.074217 0.130350 0.000000
7.330000 -0.071165 0.129355 0.000000
7.340000 -0.068250 0.128371 0.000000
7.350000 -0.065453 0.127400 0.000000
7.360000 -0.062758 0.126447 0.000000
7.370000 -0.060152 0.125513 0.000000
7.380000 -0.057621 0.124602 0.000000
7.390000 -0.055155 0.123712 0.000000
7.400000 -0.052747 0.122847 0.000000
7.410000 -0.050389 0.122005 0.000000
7.420000 -0.048076 0.121186 0.000000
7.430000 -0.045806 0.120388 0.000000
7.440000 -0.043576 0.119612 0.000000
7.450000 -0.041384 0.118855 0.000000
7.460000 -0.039233 0.118115 0.000000
7.470000 -0.037120 0.117390 0.000000
7.480000 -0.035050 0.116679 0.000000
7.490000 -0.033022 0.115977 0.000000
7.500000 -0.031039 0.115277 0.000000
7.510000 -0.029105 0.114578 0.000000
7.520000 -0.027231 0.113925 0.000000
7.530000 -0.025421 0.113291 0.000000
7.540000 -0.023672 0.112657 0.000000
7.550000 -0.021982 0.112013 0.000000
7.560000 -0.020349 0.111394 0.000000
7.570000 -0.018773 0.110803 0.000000
7.580000 -0.017253 0.110219 0.000000
7.590000 -0.015790 0.109637 0.000000
7.600000 -0.014385 0.109059 0.000000
7.610000 -0.013040 0.108486 0.000000
7.620000 -0.011755 0.107920 0.000000
7.630000 -0.010532 0.107362 0.000000
7.640000 -0.009372 0.106812 0.000000
7.650000 -0.008275 0.106272 0.000000
7.660000 -0.007239 0.105743 0.000000
7.670000 -0.006266 0.105221 0.000000
7.680000 -0.006192 0.104713 0.000000
7.690000 -0.008558 0.104220 0.000000
7.700000 -0.013144 0.103755 0.000000
7.710000 -0.019649 0.103331 0.000000
7.720000 -0.027757 0.102955 0.000000
7.730000 -0.037163 0.102634 0.000000
7.740000 -0.047578 0.102365 0.000000
7.750000 -0.058739 0.102171 0.000000
7.760000 -0.070414 0.102039 0.000000
7.770000 -0.082404 0.101971 0.000000
7.780000 -0.094539 0.101973 0.000000
7.790000 -0.106676 0.102047 0.000000
7.800000 -0.118696 0.102195 0.000000
7.810000 -0.130502 0.102424 0.000000
7.820000 -0.142018 0.102735 0.000000
7.830000 -0.153180 0.103128 0.000000
7.840000 -0.163942 0.103610 0.000000
7.850000 -0.174265 0.104176 0.000000
7.860000 -0.184119 0.104823 0.000000
7.870000 -0.193483 0.105550 0.000000
7.880000 -0.202337 0.106354 0.000000
7.890000 -0.210668 0.107227 0.000000
7.900000 -0.218461 0.108167 0.000000
7.910000 -0.225709 0.109169 0.000000
7.920000 -0.232404 0.110225 0.000000
7.930000 -0.238537 0.111331 0.000000
7.940000 -0.244106 0.112479 0.000000
7.950000 -0.249106 0.113663 0.000000
7.960000 -0.253534 0.114877 0.000000
7.970000 -0.257391 0.116114 0.000000
7.980000 -0.260678 0.117365 0.000000
7.990000 -0.263396 0.118631 0.000000
8.000000 -0.265552 0.119906 0.000000
8.010000 -0.267150 0.121181 0.000000
8.020000 -0.268199 0.122459 0.000000
8.030000 -0.268709 0.123722 0.000000
8.040000 -0.268690 0.124983 0.000000
8.050000 -0.268157 0.126228 0.000000
8.060000 -0.267123 0.127458 0.000000
8.070000 -0.265605 0.128659 0.000000
8.080000 -0.263622 0.129834 0.000000
8.090000 -0.261190 0.130976 0.000000
8.100000 -0.258332 0.132077 0.000000
8.110000 -0.255068 0.133132 0.000000
8.120000 -0.251421 0.134142 0.000000
8.130000 -0.247414 0.135091 0.000000
8.140000 -0.243072 0.135979 0.000000
8.150000 -0.238419 0.136798 0.000000
8.160000 -0.233481 0.137544 0.000000
8.170000 -0.228284 0.138213 0.000000
8.180000 -0.222854 0.138795 0.000000
8.190000 -0.217217 0.139298 0.000000
8.200000 -0.211399 0.139701 0.000000
8.210000 -0.205426 0.140017 0.000000
8.220000 -0.199322 0.140240 0.000000
8.230000 -0.193113 0.140368 0.000000
8.240000 -0.186820 0.140405 0.000000
8.250000 -0.180467 0.140348 0.000000
8.260000 -0.174074 0.140204 0.000000
8.270000 -0.167660 0.139974 0.000000
8.280000 -0.161243 0.139660 0.000000
8.290000 -0.154837 0.139273 0.000000
8.300000 -0.148458 0.138810 0.000000
8.310000 -0.142116 0.138281 0.000000
8.320000 -0.135820 0.137684 0.000000
8.330000 -0.129578 0.137034 0.000000
8.340000 -0.123395 0.136331 0.000000
8.350000 -0.117274 0.135579 0.000000
8.360000 -0.111216 0.134782 0.000000
8.370000 -0.105220 0.133947 0.000000
8.380000 -0.099283 0.133081 0.000000
8.390000 -0.093403 0.132180 0.000000
8.400000 -0.087573 0.131254 0.000000
8.410000 -0.081787 0.130307 0.000000
8.420000 -0.076038 0.129336 0.000000
8.430000 -0.070318 0.128357 0.000000
8.440000 -0.064617 0.127363 0.000000
8.450000 -0.058927 0.126362 0.000000
8.460000 -0.053239 0.125357 0.000000
8.470000 -0.047542 0.124352 0.000000
8.480000 -0.041826 0.123350 0.000000
8.490000 -0.036083 0.122355 0.000000
8.500000 -0.030300 0.121370 0.000000
8.510000 -0.024469 0.120397 0.000000
8.520000 -0.018578 0.119431 0.000000
8.530000 -0.012616 0.118464 0.000000
8.540000 -0.006587 0.117583 0.000000
8.550000 -0.000476 0.116736 0.000000
8.560000 0.005735 0.115910 0.000000
8.570000 0.012066 0.115109 0.000000
8.580000 0.018534 0.114331 0.000000
8.590000 0.025156 0.113561 0.000000
8.600000 0.031951 0.112840 0.000000
8.610000 0.038939 0.112199 0.000000
8.620000 0.046137 0.111596 0.000000
8.630000 0.053562 0.111031 0.000000
8.640000 0.061231 0.110510 0.000000
8.650000 0.069162 0.110037 0.000000
8.660000 0.077374 0.109605 0.000000
8.670000 0.085886 0.109251 0.000000
8.680000 0.094723 0.108963 0.000000
8.690000 0.103914 0.108745 0.000000
8.700000 0.113497 0.108605 0.000000
8.710000 0.123512 0.108551 0.000000
8.720000 0.134006 0.108592 0.000000
8.730000 0.145031 0.108735 0.000000
8.740000 0.156648 0.108991 0.000000
8.750000 0.168922 0.109386 0.000000
8.760000 0.181928 0.109921 0.000000
8.770000 0.195745 0.110614 0.000000
8.780000 0.210461 0.111484 0.000000
8.790000 0.225561 0.112541 0.000000
8.800000 0.239289 0.113775 0.000000
8.810000 0.251521 0.115177 0.000000
8.820000 0.262280 0.116719 0.000000
8.830000 0.271606 0.118368 0.000000
8.840000 0.279549 0.120096 0.000000
8.850000 0.286165 0.121877 0.000000
8.860000 0.291509 0.123684 0.000000
8.870000 0.295633 0.125504 0.000000
8.880000 0.298588 0.127303 0.000000
8.890000 0.300423 0.129073 0.000000
8.900000 0.301185 0.130797 0.000000
8.910000 0.300922 0.132467 0.000000
8.920000 0.299681 0.134072 0.000000
8.930000 0.297512 0.135608 0.000000
8.940000 0.294468 0.137068 0.000000
8.950000 0.290603 0.138454 0.000000
8.960000 0.285977 0.139758 0.000000
8.970000 0.280650 0.140973 0.000000
8.980000 0.274689 0.142103 0.000000
8.990000 0.268158 0.143140 0.000000
9.000000 0.261128 0.144076 0.000000
9.010000 0.253667 0.144912 0.000000
9.020000 0.245847 0.145629 0.000000
9.030000 0.237737 0.146245 0.000000
9.040000 0.229405 0.146741 0.000000
9.050000 0.220920 0.147114 0.000000
9.060000 0.212345 0.147366 0.000000
9.070000 0.203744 0.147500 0.000000
9.080000 0.195174 0.147515 0.000000
9.090000 0.186690 0.147414 0.000000
9.100000 0.178342 0.147212 0.000000
9.110000 0.170176 0.146905 0.000000
9.120000 0.162230 0.146513 0.000000
9.130000 0.154540 0.146033 0.000000
9.140000 0.147134 0.145477 0.000000
9.150000 0.140034 0.144855 0.000000
9.160000 0.133258 0.144171 0.000000
9.170000 0.126815 0.143435 0.000000
9.180000 0.120712 0.142649 0.000000
9.190000 0.114948 0.141824 0.000000
9.200000 0.109518 0.140958 0.000000
9.210000 0.104413 0.140060 0.000000
9.220000 0.099621 0.139134 0.000000
9.230000 0.095124 0.138181 0.000000
9.240000 0.090905 0.137212 0.000000
9.250000 0.086942 0.136224 0.000000
9.260000 0.083215 0.135227 0.000000
9.270000 0.079702 0.134223 0.000000
9.280000 0.076381 0.133215 0.000000
9.290000 0.073230 0.132212 0.000000
9.300000 0.070229 0.131213 0.000000
9.310000 0.067360 0.130223 0.000000
9.320000 0.064604 0.129249 0.000000
9.330000 0.061947 0.128288 0.000000
9.340000 0.059374 0.127345 0.000000
9.350000 0.056874 0.126421 0.000000
9.360000 0.054437 0.125520 0.000000
9.370000 0.052056 0.124637 0.000000
9.380000 0.049724 0.123775 0.000000
9.390000 0.047437 0.122934 0.000000
9.400000 0.045191 0.122112 0.000000
9.410000 0.042985 0.121308 0.000000
9.420000 0.040818 0.120521 0.000000
9.430000 0.038690 0.119747 0.000000
9.440000 0.036602 0.118988 0.000000
9.450000 0.034557 0.118239 0.000000
9.460000 0.032552 0.117495 0.000000
9.470000 0.030595 0.116746 0.000000
9.480000 0.028691 0.116026 0.000000
9.490000 0.026851 0.115347 0.000000
9.500000 0.025071 0.114672 0.000000
9.510000 0.023351 0.113989 0.000000
9.520000 0.021690 0.113306 0.000000
9.530000 0.020084 0.112663 0.000000
9.540000 0.018531 0.112033 0.000000
9.550000 0.017036 0.111407 0.000000
9.560000 0.015597 0.110780 0.000000
9.570000 0.014215 0.110160 0.000000
9.580000 0.012895 0.109545 0.000000
9.590000 0.011632 0.108939 0.000000
9.600000 0.010433 0.108343 0.000000
9.610000 0.009300 0.107758 0.000000
9.620000 0.008222 0.107184 0.000000
9.630000 0.007210 0.106623 0.000000
9.640000 0.006259 0.106070 0.000000
9.650000 0.005371 0.105533 0.000000
9.660000 0.004535 0.105002 0.000000
9.670000 0.003756 0.104484 0.000000
9.680000 0.003034 0.103975 0.000000
9.690000 0.002374 0.103474 0.000000
9.700000 0.001766 0.102980 0.000000
9.710000 0.001184 0.102497 0.000000
9.720000 0.000713 0.102018 0.000000
9.730000 0.000236 0.101540 0.000000
9.740000 -0.000371 0.101065 0.000000
9.750000 -0.000708 0.100618 0.000000
9.760000 -0.001047 0.100170 0.000000
9.770000 -0.001389 0.099724 0.000000
9.780000 -0.001656 0.099285 0.000000
9.790000 -0.001935 0.098848 0.000000
9.800000 -0.002155 0.098420 0.000000
9.810000 -0.002372 0.098000 0.000000
9.820000 -0.002561 0.097585 0.000000
9.830000 -0.002706 0.097178 0.000000
9.840000 -0.002846 0.096777 0.000000
9.850000 -0.002979 0.096383 0.000000
9.860000 -0.003074 0.095997 0.000000
9.870000 -0.003168 0.095619 0.000000
9.880000 -0.003228 0.095249 0.000000
9.890000 -0.003284 0.094883 0.000000
9.900000 -0.003336 0.094527 0.000000
9.910000 -0.003360 0.094176 0.000000
9.920000 -0.003383 0.093833 0.000000
9.930000 -0.003397 0.093494 0.000000
9.940000 -0.003407 0.093161 0.000000
9.950000 -0.003393 0.092834 0.000000
9.960000 -0.003373 0.092514 0.000000
9.970000 -0.003352 0.092197 0.000000
9.980000 -0.003326 0.091883 0.000000
9.990000 -0.003303 0.091577 0.000000
10.000000 -0.003264 0.091273 0.000000
10.010000 -0.003227 0.090975 0.000000
10.020000 -0.003171 0.090680 0.000000
10.030000 -0.003136 0.090389 0.000000
10.040000 -0.003084 0.090103 0.000000
10.050000 -0.003020 0.089821 0.000000
10.060000 -0.002963 0.089538 0.000000
10.070000 -0.002900 0.089263 0.000000
10.080000 -0.002841 0.088993 0.000000
10.090000 -0.002792 0.088723 0.000000
10.100000 -0.002716 0.088460 0.000000
10.110000 -0.002655 0.088200 0.000000
10.120000 -0.002590 0.087943 0.000000
10.130000 -0.002527 0.087689 0.000000
10.140000 -0.002466 0.087442 0.000000
10.150000 -0.002416 0.087197 0.000000
10.160000 -0.002351 0.086956 0.000000
10.170000 -0.002274 0.086717 0.000000
10.180000 -0.002202 0.086486 0.000000
10.190000 -0.002144 0.086257 0.000000
10.200000 -0.002093 0.086031 0.000000
10.210000 -0.002028 0.085810 0.000000
10.220000 -0.001952 0.085592 0.000000
10.230000 -0.001896 0.085376 0.000000
10.240000 -0.001830 0.085163 0.000000
10.250000 -0.001784 0.084956 0.000000
10.260000 -0.001729 0.084753 0.000000
10.270000 -0.001661 0.084551 0.000000
10.280000 -0.001597 0.084355 0.000000
10.290000 -0.001574 0.084161 0.000000
10.300000 -0.001490 0.083969 0.000000
10.310000 -0.001435 0.083782 0.000000
10.320000 -0.001385 0.083594 0.000000
10.330000 -0.001332 0.083413 0.000000
10.340000 -0.001288 0.083236 0.000000
10.350000 -0.001271 0.083059 0.000000
10.360000 -0.001188 0.082886 0.000000
10.370000 -0.001162 0.082715 0.000000
10.380000 -0.001135 0.082543 0.000000
10.390000 -0.001075 0.082380 0.000000
10.400000 -0.001035 0.082219 0.000000
10.410000 -0.001015 0.082058 0.000000
10.420000 -0.000957 0.081895 0.000000
10.430000 -0.000893 0.081740 0.000000
10.440000 -0.000907 0.081581 0.000000
10.450000 -0.000819 0.081433 0.000000
10.460000 -0.000821 0.081282 0.000000
10.470000 -0.000789 0.081134 0.000000
10.480000 -0.000728 0.080988 0.000000
10.490000 -0.000688 0.080842 0.000000
10.500000 -0.000656 0.080700 0.000000
10.510000 -0.000632 0.080563 0.000000
10.520000 -0.000628 0.080422 0.000000
10.530000 -0.000652 0.080284 0.000000
10.540000 -0.000555 0.080158 0.000000
10.550000 -0.000523 0.080023 0.000000
10.560000 -0.000570 0.079898 0.000000
10.570000 -0.000463 0.079761 0.000000
10.580000 -0.000535 0.079645 0.000000
10.590000 -0.000423 0.079518 0.000000
10.600000 -0.000433 0.079397 0.000000
10.610000 -0.000457 0.079268 0.000000
10.620000 -0.000357 0.079164 0.000000
10.630000 -0.000351 0.079041 0.000000
10.640000 -0.000414 0.078933 0.000000
10.650000 -0.000397 0.078831 0.000000
10.660000 -0.000313 0.078707 0.000000
10.670000 -0.000261 0.078602 0.000000
10.680000 -0.000244 0.078501 0.000000
10.690000 -0.000256 0.078399 0.000000
10.700000 -0.000286 0.078285 0.000000
10.710000 -0.000325 0.078187 0.000000
10.720000 -0.000369 0.078103 0.000000
10.730000 -0.000335 0.078002 0.000000
10.740000 -0.000274 0.077894 0.000000
10.750000 -0.000213 0.077792 0.000000
10.760000 -0.000153 0.077705 0.000000
10.770000 -0.000108 0.077621 0.000000
10.780000 -0.000117 0.077518 0.000000
10.790000 -0.000189 0.077420 0.000000
10.800000 -0.000295 0.077347 0.000000
10.810000 -0.000263 0.077265 0.000000
10.820000 -0.000113 0.077160 0.000000
10.830000 -0.000076 0.077084 0.000000
10.840000 -0.000269 0.076984 0.000000
10.850000 -0.000184 0.076901 0.000000
10.860000 0.000070 0.076819 0.000000
10.870000 0.000323 0.076737 0.000000
10.880000 0.000004 0.076692 0.000000
10.890000 -0.000326 0.076617 0.000000
10.900000 -0.000068 0.076510 0.000000
10.910000 -0.000176 0.076444 0.000000
10.920000 0.000300 0.076387 0.000000
10.930000 0.000145 0.076281 0.000000
10.940000 0.000039 0.076217 0.000000
10.950000 -0.000020 0.076125 0.000000
10.960000 -0.000023 0.076075 0.000000
10.970000 -0.000031 0.076002 0.000000
10.980000 0.000141 0.075950 0.000000
10.990000 0.000309 0.075893 0.000000
11.000000 -0.000132 0.075813 0.000000
11.010000 -0.000164 0.075767 0.000000
11.020000 -0.000145 0.075694 0.000000
11.030000 -0.000288 0.075638 0.000000
11.040000 0.000122 0.075592 0.000000
11.050000 0.000031 0.075527 0.000000
11.060000 -0.000016 0.075455 0.000000
11.070000 -0.000083 0.075410 0.000000
11.080000 -0.000231 0.075348 0.000000
11.090000 -0.000205 0.075263 0.000000
11.100000 0.000116 0.075230 0.000000
11.110000 0.000142 0.075170 0.000000
11.120000 -0.000306 0.075143 0.000000
11.130000 -0.000293 0.075074 0.000000
11.140000 -0.000322 0.075024 0.000000
11.150000 0.000213 0.074983 0.000000
11.160000 0.000022 0.074907 0.000000
11.170000 0.000303 0.074884 0.000000
11.180000 -0.000145 0.074822 0.000000
11.190000 -0.000043 0.074760 0.000000
11.200000 -0.000053 0.074719 0.000000
11.210000 0.000181 0.074691 0.000000
11.220000 0.000232 0.074631 0.000000
11.230000 0.000139 0.074571 0.000000
11.240000 -0.000026 0.074537 0.000000
11.250000 -0.000059 0.074496 0.000000
11.260000 -0.000039 0.074459 0.000000
11.270000 0.000270 0.074425 0.000000
11.280000 0.000019 0.074362 0.000000
11.290000 -0.000164 0.074355 0.000000
11.300000 -0.000167 0.074286 0.000000
11.310000 -0.000025 0.074242 0.000000
11.320000 0.000268 0.074229 0.000000
11.330000 0.000061 0.074169 0.000000
11.340000 0.000010 0.074133 0.000000
11.350000 -0.000117 0.074086 0.000000
11.360000 -0.000262 0.074056 0.000000
11.370000 -0.000172 0.074016 0.000000
11.380000 0.000128 0.073988 0.000000
11.390000 0.000255 0.073941 0.000000
11.400000 0.000087 0.073946 0.000000
11.410000 -0.000250 0.073885 0.000000
11.420000 -0.000231 0.073850 0.000000
11.430000 -0.000026 0.073833 0.000000
11.440000 0.000273 0.073800 0.000000
11.450000 0.000311 0.073758 0.000000
11.460000 0.000185 0.073718 0.000000
11.470000 -0.000155 0.073688 0.000000
11.480000 -0.000063 0.073636 0.000000
11.490000 -0.000177 0.073631 0.000000
11.500000 0.000130 0.073597 0.000000
11.510000 0.000221 0.073575 0.000000
11.520000 0.000095 0.073535 0.000000
11.530000 -0.000252 0.073503 0.000000
11.540000 -0.000197 0.073484 0.000000
11.550000 -0.000252 0.073479 0.000000
11.560000 0.000157 0.073448 0.000000
11.570000 0.000181 0.073419 0.000000
11.580000 0.000174 0.073379 0.000000
11.590000 -0.000281 0.073339 0.000000
11.600000 -0.000138 0.073308 0.000000
11.610000 -0.000260 0.073303 0.000000
11.620000 0.000301 0.073277 0.000000
11.630000 0.000011 0.073251 0.000000
11.640000 0.000046 0.073212 0.000000
11.650000 -0.000188 0.073188 0.000000
11.660000 -0.000091 0.073177 0.000000
11.670000 -0.000277 0.073171 0.000000
11.680000 0.000144 0.073155 0.000000
11.690000 0.000298 0.073111 0.000000
11.700000 0.000160 0.073091 0.000000
11.710000 -0.000280 0.073084 0.000000
11.720000 -0.000187 0.073034 0.000000
11.730000 -0.000226 0.073016 0.000000
11.740000 -0.000274 0.073013 0.000000
11.750000 0.000088 0.072993 0.000000
11.760000 0.000119 0.072964 0.000000
11.770000 -0.000185 0.072944 0.000000
11.780000 -0.000242 0.072923 0.000000
11.790000 -0.000062 0.072914 0.000000
11.800000 0.000236 0.072887 0.000000
11.810000 0.000187 0.072866 0.000000
11.820000 0.000073 0.072849 0.000000
11.830000 -0.000040 0.072826 0.000000
11.840000 -0.000044 0.072818 0.000000
11.850000 -0.000258 0.072797 0.000000
11.860000 0.000188 0.072782 0.000000
11.870000 0.000232 0.072761 0.000000
11.880000 -0.000129 0.072747 0.000000
11.890000 -0.000223 0.072732 0.000000
11.900000 -0.000152 0.072714 0.000000
11.910000 0.000211 0.072698 0.000000
11.920000 0.000166 0.072681 0.000000
11.930000 0.000121 0.072668 0.000000
11.940000 -0.000048 0.072649 0.000000
11.950000 -0.000126 0.072635 0.000000
11.960000 -0.000129 0.072622 0.000000
11.970000 0.000067 0.072607 0.000000
11.980000 0.000048 0.072593 0.000000
11.990000 -0.000201 0.072573 0.000000
12.000000 -0.000153 0.072562 0.000000
12.010000 -0.000046 0.072550 0.000000
12.020000 0.000244 0.072537 0.000000
12.030000 0.000095 0.072522 0.000000
12.040000 0.000069 0.072508 0.000000
12.050000 -0.000194 0.072494 0.000000
