0.010000 0.000000 0.000000 0.000000
0.020000 0.000000 0.000000 0.000000
0.030000 0.000000 0.000000 0.000000
0.040000 0.000000 0.000000 0.000000
0.050000 0.000000 0.000000 0.000000
0.060000 0.000000 0.000000 0.000000
0.070000 0.000000 0.000000 0.000000
0.080000 0.000000 0.000000 0.000000
0.090000 0.000000 0.000000 0.000000
0.100000 0.000000 0.000000 0.000000
0.110000 0.000000 0.000000 0.000000
0.120000 0.000000 0.000000 0.000000
0.130000 0.000000 0.000000 0.000000
0.140000 0.000000 0.000000 0.000000
0.150000 0.000000 0.000000 0.000000
0.160000 0.000000 0.000000 0.000000
0.170000 0.000000 0.000000 0.000000
0.180000 0.000000 0.000000 0.000000
0.190000 0.000000 0.000000 0.000000
0.200000 0.000000 0.000000 0.000000
0.210000 0.000000 0.000000 0.000000
0.220000 0.000000 0.000000 0.000000
0.230000 0.000000 0.000000 0.000000
0.240000 0.000000 0.000000 0.000000
0.250000 0.000000 0.000000 0.000000
0.260000 0.000000 0.000000 0.000000
0.270000 0.000000 0.000000 0.000000
0.280000 0.000000 0.000000 0.000000
0.290000 0.000000 0.000000 0.000000
0.300000 0.000000 0.000000 0.000000
0.310000 0.000000 0.000000 0.000000
0.320000 0.000000 0.000000 0.000000
0.330000 0.000000 0.000000 0.000000
0.340000 0.000000 0.000000 0.000000
0.350000 0.000000 0.000000 0.000000
0.360000 0.000000 0.000000 0.000000
0.370000 0.000000 0.000000 0.000000
0.380000 0.000000 0.000000 0.000000
0.390000 0.000000 0.000000 0.000000
0.400000 0.000000 0.000000 0.000000
0.410000 0.000000 0.000000 0.000000
0.420000 0.000000 0.000000 0.000000
0.430000 0.000000 0.000000 0.000000
0.440000 0.000000 0.000000 0.000000
0.450000 0.000000 0.000000 0.000000
0.460000 0.000000 0.000000 0.000000
0.470000 0.000000 0.000000 0.000000
0.480000 0.000000 0.000000 0.000000
0.490000 0.000000 0.000000 0.000000
0.500000 0.000000 0.000000 0.000000
0.510000 0.000000 0.000000 0.000000
0.520000 0.000000 0.000000 0.000000
0.530000 0.000000 0.000000 0.000000
0.540000 0.000000 0.000000 0.000000
0.550000 0.000000 0.000000 0.000000
0.560000 0.000000 0.000000 0.000000
0.570000 0.000000 0.000000 0.000000
0.580000 0.000000 0.000000 0.000000
0.590000 0.000000 0.000000 0.000000
0.600000 0.000000 0.000000 0.000000
0.610000 0.000000 0.000000 0.000000
0.620000 0.000000 0.000000 0.000000
0.630000 0.000000 0.000000 0.000000
0.640000 0.000000 0.000000 0.000000
0.650000 0.000000 0.000000 0.000000
0.660000 0.000000 0.000000 0.000000
0.670000 0.000000 0.000000 0.000000
0.680000 0.000000 0.000000 0.000000
0.690000 0.000000 0.000000 0.000000
0.700000 0.000000 0.000000 0.000000
0.710000 0.000000 0.000000 0.000000
0.720000 0.000000 0.000000 0.000000
0.730000 0.000000 0.000000 0.000000
0.740000 0.000000 0.000000 0.000000
0.750000 0.000000 0.000000 0.000000
0.760000 0.000000 0.000000 0.000000
0.770000 0.000000 0.000000 0.000000
0.780000 0.000000 0.000000 0.000000
0.790000 0.000000 0.000000 0.000000
0.800000 0.000000 0.000000 0.000000
0.810000 0.000000 0.000000 0.000000
0.820000 0.000000 0.000000 0.000000
0.830000 0.000000 0.000000 0.000000
0.840000 0.000000 0.000000 0.000000
0.850000 0.000000 0.000000 0.000000
0.860000 0.000000 0.000000 0.000000
0.870000 0.000000 0.000000 0.000000
0.880000 0.000000 0.000000 0.000000
0.890000 0.000000 0.000000 0.000000
0.900000 0.000000 0.000000 0.000000
0.910000 0.000000 0.000000 0.000000
0.920000 0.000000 0.000000 0.000000
0.930000 0.000000 0.000000 0.000000
0.940000 0.000000 0.000000 0.000000
0.950000 0.000000 0.000000 0.000000
0.960000 0.000000 0.000000 0.000000
0.970000 0.000000 0.000000 0.000000
0.980000 0.000000 0.000000 0.000000
0.990000 0.000000 0.000000 0.000000
1.000000 0.000000 0.000000 0.000000
1.010000 0.003208 1.000000 0.000000
1.020000 0.003229 1.000000 0.000000
1.030000 0.003274 1.000000 0.000000
1.040000 0.003336 1.000000 0.000000
1.050000 0.003405 1.000000 0.000000
1.060000 0.003481 1.000000 0.000000
1.070000 0.003558 1.000000 0.000000
1.080000 0.003633 1.000000 0.000000
1.090000 0.003699 1.000000 0.000000
1.100000 0.003758 1.000000 0.000000
1.110000 0.003810 1.000000 0.000000
1.120000 0.003847 1.000000 0.000000
1.130000 0.003870 1.000000 0.000000
1.140000 0.003880 1.000000 0.000000
1.150000 0.003881 1.000000 0.000000
1.160000 0.003860 1.000000 0.000000
1.170000 0.003821 1.000000 0.000000
1.180000 0.003771 1.000000 0.000000
1.190000 0.003708 1.000000 0.000000
1.200000 0.003634 1.000000 0.000000
1.210000 0.003543 1.000000 0.000000
1.220000 0.003448 1.000000 0.000000
1.230000 0.003345 1.000000 0.000000
1.240000 0.003234 1.000000 0.000000
1.250000 0.003120 1.000000 0.000000
1.260000 0.003009 1.000000 0.000000
1.270000 0.002894 1.000000 0.000000
1.280000 0.002780 1.000000 0.000000
1.290000 0.002667 1.000000 0.000000
1.300000 0.002563 1.000000 0.000000
1.310000 0.002478 1.000000 0.000000
1.320000 0.002422 1.000000 0.000000
1.330000 0.002411 1.000000 0.000000
1.340000 0.002464 1.000000 0.000000
1.350000 0.002578 1.000000 0.000000
1.360000 0.002770 1.000000 0.000000
1.370000 0.003046 1.000000 0.000000
1.380000 0.003400 1.000000 0.000000
1.390000 0.003816 1.000000 0.000000
1.400000 0.004291 1.000000 0.000000
1.410000 0.004812 1.000000 0.000000
1.420000 0.005373 1.000000 0.000000
1.430000 0.005947 1.000000 0.000000
1.440000 0.006523 1.000000 0.000000
1.450000 0.007099 1.000000 0.000000
1.460000 0.007674 1.000000 0.000000
1.470000 0.008237 1.000000 0.000000
1.480000 0.008793 1.000000 0.000000
1.490000 0.009343 1.000000 0.000000
1.500000 0.009885 1.000000 0.000000
1.510000 0.010427 1.000000 0.000000
1.520000 0.010969 1.000000 0.000000
1.530000 0.011513 1.000000 0.000000
1.540000 0.012057 1.000000 0.000000
1.550000 0.012604 1.000000 0.000000
1.560000 0.013150 1.000000 0.000000
1.570000 0.013665 1.000000 0.000000
1.580000 0.014113 1.000000 0.000000
1.590000 0.014500 1.000000 0.000000
1.600000 0.014841 1.000000 0.000000
1.610000 0.015143 1.000000 0.000000
1.620000 0.015342 1.000000 0.000000
1.630000 0.015124 1.000000 0.000000
1.640000 0.014459 1.000000 0.000000
1.650000 0.013523 1.000000 0.000000
1.660000 0.012445 1.000000 0.000000
1.670000 0.011314 1.000000 0.000000
1.680000 0.010190 1.000000 0.000000
1.690000 0.009115 1.000000 0.000000
1.700000 0.008113 1.000000 0.000000
1.710000 0.007203 1.000000 0.000000
1.720000 0.006385 1.000000 0.000000
1.730000 0.005668 1.000000 0.000000
1.740000 0.005036 1.000000 0.000000
1.750000 0.004480 1.000000 0.000000
1.760000 0.003990 1.000000 0.000000
1.770000 0.003544 1.000000 0.000000
1.780000 0.003126 1.000000 0.000000
1.790000 0.002707 1.000000 0.000000
1.800000 0.002277 1.000000 0.000000
1.810000 0.001809 1.000000 0.000000
1.820000 0.001316 1.000000 0.000000
1.830000 0.000758 1.000000 0.000000
1.840000 0.000111 1.000000 0.000000
1.850000 -0.000609 1.000000 0.000000
1.860000 -0.001336 1.000000 0.000000
1.870000 -0.002112 1.000000 0.000000
1.880000 -0.002937 1.000000 0.000000
1.890000 -0.003807 1.000000 0.000000
1.900000 -0.004699 1.000000 0.000000
1.910000 -0.005600 1.000000 0.000000
1.920000 -0.006504 1.000000 0.000000
1.930000 -0.007406 1.000000 0.000000
1.940000 -0.008293 1.000000 0.000000
1.950000 -0.009157 1.000000 0.000000
1.960000 -0.009997 1.000000 0.000000
1.970000 -0.010800 1.000000 0.000000
1.980000 -0.011569 1.000000 0.000000
1.990000 -0.012297 1.000000 0.000000
2.000000 -0.012985 1.000000 0.000000
2.010000 -0.013632 1.000000 0.000000
2.020000 -0.014233 1.000000 0.000000
2.030000 -0.014793 1.000000 0.000000
2.040000 -0.015310 1.000000 0.000000
2.050000 -0.015786 1.000000 0.000000
2.060000 -0.016221 1.000000 0.000000
2.070000 -0.016618 1.000000 0.000000
2.080000 -0.016977 1.000000 0.000000
2.090000 -0.017301 1.000000 0.000000
2.100000 -0.017590 1.000000 0.000000
2.110000 -0.017848 1.000000 0.000000
2.120000 -0.018073 1.000000 0.000000
2.130000 -0.018271 1.000000 0.000000
2.140000 -0.018442 1.000000 0.000000
2.150000 -0.018591 1.000000 0.000000
2.160000 -0.018719 1.000000 0.000000
2.170000 -0.018827 1.000000 0.000000
2.180000 -0.018922 1.000000 0.000000
2.190000 -0.019000 1.000000 0.000000
2.200000 -0.019070 1.000000 0.000000
2.210000 -0.019130 1.000000 0.000000
2.220000 -0.019185 1.000000 0.000000
2.230000 -0.019239 1.000000 0.000000
2.240000 -0.019289 1.000000 0.000000
2.250000 -0.019337 1.000000 0.000000
2.260000 -0.019387 1.000000 0.000000
2.270000 -0.019438 1.000000 0.000000
2.280000 -0.019492 1.000000 0.000000
2.290000 -0.019546 1.000000 0.000000
2.300000 -0.019603 1.000000 0.000000
2.310000 -0.019658 1.000000 0.000000
2.320000 -0.019712 1.000000 0.000000
2.330000 -0.019765 1.000000 0.000000
2.340000 -0.019815 1.000000 0.000000
2.350000 -0.019859 0.986964 0.000000
2.360000 -0.019897 0.964843 0.000000
2.370000 -0.019934 0.943177 0.000000
2.380000 -0.019970 0.921959 0.000000
2.390000 -0.020008 0.901104 0.000000
2.400000 -0.020051 0.880528 0.000000
2.410000 -0.020098 0.860168 0.000000
2.420000 -0.020149 0.839989 0.000000
2.430000 -0.020210 0.819931 0.000000
2.440000 -0.020279 0.799955 0.000000
2.450000 -0.020357 0.780053 0.000000
2.460000 -0.020445 0.760225 0.000000
2.470000 -0.020545 0.740486 0.000000
2.480000 -0.020654 0.720855 0.000000
2.490000 -0.020772 0.701347 0.000000
2.500000 -0.020901 0.682001 0.000000
2.510000 -0.021041 0.662833 0.000000
2.520000 -0.021190 0.643864 0.000000
2.530000 -0.021347 0.625078 0.000000
2.540000 -0.021513 0.606527 0.000000
2.550000 -0.021686 0.588198 0.000000
2.560000 -0.021867 0.570074 0.000000
2.570000 -0.022056 0.552162 0.000000
2.580000 -0.022248 0.534430 0.000000
2.590000 -0.022449 0.516881 0.000000
2.600000 -0.022654 0.499482 0.000000
2.610000 -0.022867 0.482218 0.000000
2.620000 -0.023084 0.465062 0.000000
2.630000 -0.023306 0.448055 0.000000
2.640000 -0.023534 0.431102 0.000000
2.650000 -0.023766 0.414245 0.000000
2.660000 -0.024004 0.397458 0.000000
2.670000 -0.024242 0.380752 0.000000
2.680000 -0.024483 0.364102 0.000000
2.690000 -0.024726 0.347507 0.000000
2.700000 -0.024966 0.330978 0.000000
2.710000 -0.025204 0.314479 0.000000
2.720000 -0.025437 0.298029 0.000000
2.730000 -0.025664 0.281610 0.000000
2.740000 -0.025878 0.265194 0.000000
2.750000 -0.026079 0.248774 0.000000
2.760000 -0.026262 0.232332 0.000000
2.770000 -0.026423 0.215803 0.000000
2.780000 -0.026552 0.199156 0.000000
2.790000 -0.026638 0.182343 0.000000
2.800000 -0.026663 0.165287 0.000000
2.810000 -0.026592 0.148085 0.000000
2.820000 -0.026343 0.132276 0.000000
2.830000 -0.025786 0.121114 0.000000
2.840000 -0.024868 0.115833 0.000000
2.850000 -0.023650 0.114683 0.000000
2.860000 -0.022237 0.115322 0.000000
2.870000 -0.020714 0.116096 0.000000
2.880000 -0.019139 0.116093 0.000000
2.890000 -0.017557 0.114949 0.000000
2.900000 -0.015995 0.112632 0.000000
2.910000 -0.014475 0.109288 0.000000
2.920000 -0.013011 0.105161 0.000000
2.930000 -0.011613 0.100535 0.000000
2.940000 -0.010287 0.095708 0.000000
2.950000 -0.009034 0.090946 0.000000
2.960000 -0.007855 0.086498 0.000000
2.970000 -0.006753 0.082547 0.000000
2.980000 -0.005728 0.079234 0.000000
2.990000 -0.004781 0.076641 0.000000
3.000000 -0.003913 0.074797 0.000000
3.010000 -0.003097 0.073675 0.000000
3.020000 -0.002376 0.073225 0.000000
3.030000 -0.001695 0.073348 0.000000
3.040000 -0.001082 0.073937 0.000000
3.050000 -0.000573 0.074867 0.000000
3.060000 -0.000149 0.075990 0.000000
3.070000 0.000503 0.077213 0.000000
3.080000 0.000857 0.078417 0.000000
3.090000 0.001216 0.079494 0.000000
3.100000 0.001554 0.080369 0.000000
3.110000 0.001802 0.080991 0.000000
3.120000 0.002064 0.081330 0.000000
3.130000 0.002259 0.081376 0.000000
3.140000 0.002430 0.081141 0.000000
3.150000 0.002580 0.080650 0.000000
3.160000 0.002706 0.079944 0.000000
3.170000 0.002787 0.079066 0.000000
3.180000 0.002865 0.078072 0.000000
3.190000 0.002919 0.077014 0.000000
3.200000 0.002964 0.075942 0.000000
3.210000 0.002978 0.074900 0.000000
3.220000 0.002990 0.073929 0.000000
3.230000 0.002993 0.073058 0.000000
3.240000 0.002985 0.072304 0.000000
3.250000 0.002965 0.071682 0.000000
3.260000 0.002938 0.071189 0.000000
3.270000 0.002913 0.070823 0.000000
3.280000 0.002885 0.070572 0.000000
3.290000 0.002837 0.070419 0.000000
3.300000 0.002800 0.070342 0.000000
3.310000 0.002764 0.070323 0.000000
3.320000 0.002708 0.070336 0.000000
3.330000 0.002656 0.070363 0.000000
3.340000 0.002607 0.070386 0.000000
3.350000 0.002564 0.070387 0.000000
3.360000 0.002504 0.070360 0.000000
3.370000 0.002441 0.070291 0.000000
3.380000 0.002408 0.070181 0.000000
3.390000 0.002329 0.070028 0.000000
3.400000 0.002282 0.069832 0.000000
3.410000 0.002234 0.069600 0.000000
3.420000 0.002166 0.069340 0.000000
3.430000 0.002106 0.069056 0.000000
3.440000 0.002051 0.068761 0.000000
3.450000 0.001997 0.068458 0.000000
3.460000 0.001947 0.068161 0.000000
3.470000 0.001905 0.067875 0.000000
3.480000 0.001860 0.067601 0.000000
3.490000 0.001792 0.067350 0.000000
3.500000 0.001751 0.067120 0.000000
3.510000 0.001707 0.066913 0.000000
3.520000 0.001655 0.066731 0.000000
3.530000 0.001612 0.066569 0.000000
3.540000 0.001584 0.066428 0.000000
3.550000 0.001521 0.066301 0.000000
3.560000 0.001484 0.066190 0.000000
3.570000 0.001460 0.066085 0.000000
3.580000 0.001440 0.065987 0.000000
3.590000 0.001397 0.065893 0.000000
3.600000 0.001360 0.065798 0.000000
3.610000 0.001331 0.065702 0.000000
3.620000 0.001298 0.065601 0.000000
3.630000 0.001247 0.065496 0.000000
3.640000 0.001200 0.065384 0.000000
3.650000 0.001166 0.065269 0.000000
3.660000 0.001159 0.065152 0.000000
3.670000 0.001126 0.065027 0.000000
3.680000 0.001076 0.064903 0.000000
3.690000 0.001085 0.064780 0.000000
3.700000 0.001025 0.064657 0.000000
3.710000 0.001016 0.064537 0.000000
3.720000 0.000976 0.064418 0.000000
3.730000 0.000970 0.064307 0.000000
3.740000 0.000921 0.064201 0.000000
3.750000 0.000953 0.064101 0.000000
3.760000 0.000874 0.064007 0.000000
3.770000 0.000866 0.063917 0.000000
3.780000 0.000874 0.063836 0.000000
3.790000 0.000809 0.063758 0.000000
3.800000 0.000794 0.063686 0.000000
3.810000 0.000822 0.063618 0.000000
3.820000 0.000773 0.063553 0.000000
3.830000 0.000728 0.063489 0.000000
3.840000 0.000714 0.063428 0.000000
3.850000 0.000726 0.063370 0.000000
3.860000 0.000745 0.063310 0.000000
3.870000 0.000685 0.063253 0.000000
3.880000 0.000644 0.063194 0.000000
3.890000 0.000621 0.063133 0.000000
3.900000 0.000615 0.063074 0.000000
3.910000 0.000625 0.063013 0.000000
3.920000 0.000650 0.062952 0.000000
3.930000 0.000621 0.062890 0.000000
3.940000 0.000572 0.062829 0.000000
3.950000 0.000535 0.062769 0.000000
3.960000 0.000514 0.062710 0.000000
3.970000 0.000512 0.062654 0.000000
3.980000 0.000531 0.062592 0.000000
3.990000 0.000573 0.062538 0.000000
4.000000 0.000518 0.062484 0.000000
4.010000 0.000462 0.062432 0.000000
4.020000 0.000435 0.062381 0.000000
4.030000 0.000448 0.062332 0.000000
4.040000 0.000507 0.062287 0.000000
4.050000 0.000454 0.062242 0.000000
4.060000 0.000390 0.062200 0.000000
4.070000 0.000400 0.062158 0.000000
4.080000 0.000497 0.062118 0.000000
4.090000 0.000374 0.062081 0.000000
4.100000 0.000359 0.062047 0.000000
4.110000 0.000462 0.062010 0.000000
4.120000 0.000327 0.061977 0.000000
4.130000 0.000388 0.061944 0.000000
4.140000 0.000332 0.061911 0.000000
4.150000 0.000349 0.061879 0.000000
4.160000 0.000313 0.061848 0.000000
4.170000 0.000364 0.061818 0.000000
4.180000 0.000267 0.061790 0.000000
4.190000 0.000383 0.061760 0.000000
4.200000 0.000298 0.061734 0.000000
4.210000 0.000240 0.061707 0.000000
4.220000 0.000299 0.061679 0.000000
4.230000 0.000394 0.061654 0.000000
4.240000 0.000324 0.061630 0.000000
4.250000 0.000268 0.061599 0.000000
4.260000 0.000240 0.061577 0.000000
4.270000 0.000232 0.061555 0.000000
4.280000 0.000247 0.061529 0.000000
4.290000 0.000296 0.061505 0.000000
4.300000 0.000362 0.061479 0.000000
4.310000 0.000235 0.061458 0.000000
4.320000 0.000151 0.061437 0.000000
4.330000 0.000282 0.061417 0.000000
4.340000 0.000205 0.061394 0.000000
4.350000 0.000206 0.061369 0.000000
4.360000 0.000191 0.061352 0.000000
4.370000 0.000282 0.061331 0.000000
4.380000 0.000115 0.061313 0.000000
4.390000 0.000160 0.061291 0.000000
4.400000 0.000260 0.061273 0.000000
4.410000 0.000322 0.061253 0.000000
4.420000 0.000335 0.061237 0.000000
4.430000 0.000297 0.061220 0.000000
4.440000 0.000206 0.061206 0.000000
4.450000 0.000076 0.061185 0.000000
4.460000 0.000163 0.061168 0.000000
4.470000 0.000254 0.061156 0.000000
4.480000 0.000079 0.061143 0.000000
4.490000 0.000217 0.061123 0.000000
4.500000 0.000228 0.061116 0.000000
4.510000 0.000068 0.061102 0.000000
4.520000 0.000031 0.061089 0.000000
4.530000 -0.000061 0.061073 0.000000
4.540000 -0.000026 0.061069 0.000000
4.550000 0.000078 0.061049 0.000000
4.560000 0.000250 0.061044 0.000000
4.570000 0.000170 0.061039 0.000000
4.580000 0.000144 0.061022 0.000000
4.590000 0.000130 0.061009 0.000000
4.600000 -0.000329 0.060999 0.000000
4.610000 0.000206 0.060993 0.000000
4.620000 0.000159 0.060985 0.000000
4.630000 0.000189 0.060975 0.000000
4.640000 0.000299 0.060969 0.000000
4.650000 -0.000166 0.060947 0.000000
4.660000 -0.000107 0.060950 0.000000
4.670000 0.000191 0.060939 0.000000
4.680000 0.000249 0.060930 0.000000
4.690000 0.000122 0.060926 0.000000
4.700000 0.000082 0.060917 0.000000
4.710000 -0.000132 0.060900 0.000000
4.720000 -0.000271 0.060895 0.000000
4.730000 0.000148 0.060890 0.000000
4.740000 0.000177 0.060881 0.000000
4.750000 0.000054 0.060879 0.000000
4.760000 -0.000187 0.060858 0.000000
4.770000 -0.000223 0.060857 0.000000
4.780000 0.000159 0.060854 0.000000
4.790000 0.000010 0.060846 0.000000
4.800000 0.000269 0.060845 0.000000
4.810000 0.000006 0.060832 0.000000
4.820000 -0.000176 0.060833 0.000000
4.830000 0.000239 0.060825 0.000000
4.840000 0.000193 0.060818 0.000000
4.850000 0.000039 0.060816 0.000000
4.860000 0.000227 0.060797 0.000000
4.870000 -0.000033 0.060787 0.000000
4.880000 -0.000178 0.060793 0.000000
4.890000 0.000207 0.060791 0.000000
4.900000 0.000118 0.060780 0.000000
4.910000 0.000091 0.060782 0.000000
4.920000 -0.000214 0.060771 0.000000
4.930000 -0.000237 0.060769 0.000000
4.940000 0.000180 0.060765 0.000000
4.950000 0.000249 0.060759 0.000000
4.960000 0.000184 0.060762 0.000000
4.970000 0.000143 0.060754 0.000000
4.980000 -0.000028 0.060748 0.000000
4.990000 -0.000064 0.060751 0.000000
5.000000 0.000036 0.060745 0.000000
5.010000 0.000270 0.060747 0.000000
5.020000 0.000020 0.060729 0.000000
5.030000 -0.000088 0.060738 0.000000
5.040000 -0.000054 0.060735 0.000000
5.050000 0.000125 0.060730 0.000000
5.060000 0.000170 0.060726 0.000000
5.070000 0.000302 0.060723 0.000000
5.080000 -0.000307 0.060724 0.000000
5.090000 -0.000151 0.060718 0.000000
5.100000 -0.000161 0.060718 0.000000
5.110000 0.000017 0.060702 0.000000
5.120000 0.000029 0.060701 0.000000
5.130000 0.000202 0.060705 0.000000
5.140000 -0.000071 0.060700 0.000000
5.150000 -0.000178 0.060704 0.000000
5.160000 0.000118 0.060705 0.000000
5.170000 0.000111 0.060706 0.000000
5.180000 0.000093 0.060696 0.000000
5.190000 0.000122 0.060689 0.000000
5.200000 -0.000025 0.060689 0.000000
5.210000 -0.000251 0.060680 0.000000
5.220000 -0.000253 0.060694 0.000000
5.230000 0.000254 0.060688 0.000000
5.240000 0.000022 0.060680 0.000000
5.250000 0.000111 0.060676 0.000000
5.260000 -0.000053 0.060679 0.000000
5.270000 -0.000199 0.060666 0.000000
5.280000 -0.000055 0.060677 0.000000
5.290000 0.000111 0.060677 0.000000
5.300000 0.000220 0.060679 0.000000
5.310000 0.000239 0.060660 0.000000
5.320000 -0.000264 0.060669 0.000000
5.330000 -0.000026 0.060656 0.000000
5.340000 -0.000056 0.060660 0.000000
5.350000 0.000079 0.060660 0.000000
5.360000 0.000147 0.060658 0.000000
5.370000 0.000151 0.060653 0.000000
5.380000 -0.000069 0.060666 0.000000
5.390000 -0.000059 0.060668 0.000000
5.400000 -0.000043 0.060662 0.000000
5.410000 0.000191 0.060655 0.000000
5.420000 0.000188 0.060650 0.000000
5.430000 0.000054 0.060666 0.000000
5.440000 -0.000027 0.060648 0.000000
5.450000 -0.000140 0.060652 0.000000
5.460000 0.000007 0.060647 0.000000
5.470000 0.000101 0.060637 0.000000
5.480000 0.000092 0.060656 0.000000
5.490000 -0.000025 0.060649 0.000000
5.500000 -0.000246 0.060647 0.000000
5.510000 -0.000199 0.060656 0.000000
5.520000 0.000118 0.060659 0.000000
5.530000 0.000161 0.060658 0.000000
5.540000 0.000061 0.060634 0.000000
5.550000 -0.000007 0.060644 0.000000
5.560000 -0.000192 0.060641 0.000000
5.570000 0.000092 0.060653 0.000000
5.580000 0.000234 0.060637 0.000000
5.590000 0.000076 0.060650 0.000000
5.600000 -0.000146 0.060639 0.000000
5.610000 -0.000093 0.060639 0.000000
5.620000 -0.000115 0.060641 0.000000
5.630000 0.000071 0.060629 0.000000
5.640000 0.000068 0.060626 0.000000
5.650000 -0.000012 0.060644 0.000000
5.660000 -0.000230 0.060640 0.000000
5.670000 -0.000132 0.060641 0.000000
5.680000 0.000205 0.060619 0.000000
5.690000 0.000071 0.060652 0.000000
5.700000 0.000189 0.060637 0.000000
5.710000 -0.000159 0.060629 0.000000
5.720000 -0.000011 0.060630 0.000000
5.730000 -0.000195 0.060640 0.000000
5.740000 0.000225 0.060630 0.000000
5.750000 0.000242 0.060627 0.000000
5.760000 0.000104 0.060629 0.000000
5.770000 -0.000128 0.060632 0.000000
5.780000 -0.000048 0.060636 0.000000
5.790000 0.000145 0.060633 0.000000
5.800000 0.000174 0.060633 0.000000
5.810000 0.000147 0.060629 0.000000
5.820000 -0.000074 0.060622 0.000000
5.830000 -0.000034 0.060625 0.000000
5.840000 -0.000166 0.060640 0.000000
5.850000 0.000163 0.060633 0.000000
5.860000 0.000016 0.060625 0.000000
5.870000 0.000121 0.060630 0.000000
5.880000 -0.000229 0.060625 0.000000
5.890000 -0.000148 0.060628 0.000000
5.900000 -0.000114 0.060625 0.000000
5.910000 0.000140 0.060621 0.000000
5.920000 0.000214 0.060624 0.000000
5.930000 0.000028 0.060622 0.000000
5.940000 -0.000189 0.060616 0.000000
5.950000 -0.000209 0.060621 0.000000
5.960000 -0.000146 0.060621 0.000000
5.970000 0.000085 0.060622 0.000000
5.980000 0.000043 0.060618 0.000000
5.990000 -0.000178 0.060625 0.000000
6.000000 -0.000083 0.060618 0.000000
6.010000 -0.000201 0.060618 0.000000
6.020000 0.000130 0.060616 0.000000
6.030000 0.000104 0.060618 0.000000
6.040000 0.000064 0.060614 0.000000
6.050000 -0.000141 0.060612 0.000000
6.060000 -0.000094 0.060615 0.000000
6.070000 -0.000141 0.060615 0.000000
6.080000 0.000015 0.060615 0.000000
6.090000 0.000097 0.060613 0.000000
6.100000 0.000164 0.060611 0.000000
6.110000 -0.000013 0.060610 0.000000
6.120000 -0.000117 0.060611 0.000000
6.130000 -0.000131 0.060610 0.000000
6.140000 0.000004 0.060612 0.000000
6.150000 0.000057 0.060609 0.000000
6.160000 -0.000106 0.060606 0.000000
6.170000 -0.000165 0.060606 0.000000
6.180000 -0.000168 0.060608 0.000000
6.190000 0.000165 0.060597 0.000000
6.200000 0.000137 0.060599 0.000000
6.210000 0.000005 0.060605 0.000000
6.220000 -0.000038 0.060604 0.000000
6.230000 -0.000133 0.060603 0.000000
6.240000 -0.000072 0.060611 0.000000
6.250000 0.000072 0.060604 0.000000
6.260000 0.000004 0.060596 0.000000
6.270000 0.000110 0.060599 0.000000
6.280000 -0.000114 0.060597 0.000000
6.290000 -0.000033 0.060600 0.000000
6.300000 -0.000059 0.060596 0.000000
6.310000 0.000092 0.060597 0.000000
6.320000 0.000015 0.060595 0.000000
6.330000 -0.000105 0.060593 0.000000
6.340000 -0.000019 0.060593 0.000000
6.350000 -0.000096 0.060591 0.000000
6.360000 -0.000118 0.060594 0.000000
6.370000 0.000096 0.060593 0.000000
6.380000 0.000004 0.060585 0.000000
6.390000 -0.000038 0.060588 0.000000
6.400000 -0.000047 0.060591 0.000000
6.410000 -0.000009 0.060593 0.000000
6.420000 0.000079 0.060596 0.000000
6.430000 0.000060 0.060593 0.000000
6.440000 0.000077 0.060594 0.000000
6.450000 -0.000067 0.060591 0.000000
6.460000 -0.000059 0.060592 0.000000
6.470000 -0.000011 0.060593 0.000000
6.480000 -0.000045 0.060593 0.000000
6.490000 0.000777 0.060592 0.000000
6.500000 0.003003 0.060586 0.000000
6.510000 0.006536 0.060571 0.000000
6.520000 0.011217 0.060545 0.000000
6.530000 0.016880 0.060514 0.000000
6.540000 0.023365 0.060485 0.000000
6.550000 0.030521 0.060468 0.000000
6.560000 0.038208 0.060475 0.000000
6.570000 0.046304 0.060510 0.000000
6.580000 0.054695 0.060584 0.000000
6.590000 0.063283 0.060700 0.000000
6.600000 0.071984 0.060860 0.000000
6.610000 0.080723 0.061065 0.000000
6.620000 0.089437 0.061314 0.000000
6.630000 0.098073 0.061607 0.000000
6.640000 0.106585 0.061940 0.000000
6.650000 0.114934 0.062312 0.000000
6.660000 0.123089 0.062717 0.000000
6.670000 0.131021 0.063154 0.000000
6.680000 0.138709 0.063619 0.000000
6.690000 0.146131 0.064105 0.000000
6.700000 0.153273 0.064613 0.000000
6.710000 0.160119 0.065138 0.000000
6.720000 0.166658 0.065676 0.000000
6.730000 0.172878 0.066226 0.000000
6.740000 0.178772 0.066783 0.000000
6.750000 0.184333 0.067344 0.000000
6.760000 0.189553 0.067907 0.000000
6.770000 0.194430 0.068468 0.000000
6.780000 0.198959 0.069026 0.000000
6.790000 0.203141 0.069577 0.000000
6.800000 0.206974 0.070118 0.000000
6.810000 0.210460 0.070648 0.000000
6.820000 0.213601 0.071162 0.000000
6.830000 0.216401 0.071661 0.000000
6.840000 0.218865 0.072141 0.000000
6.850000 0.220998 0.072601 0.000000
6.860000 0.222808 0.073039 0.000000
6.870000 0.224303 0.073453 0.000000
6.880000 0.225491 0.073843 0.000000
6.890000 0.226382 0.074206 0.000000
6.900000 0.226986 0.074543 0.000000
6.910000 0.227313 0.074853 0.000000
6.920000 0.227374 0.075135 0.000000
6.930000 0.227182 0.075390 0.000000
6.940000 0.226747 0.075615 0.000000
6.950000 0.226082 0.075815 0.000000
6.960000 0.225199 0.075986 0.000000
6.970000 0.224109 0.076130 0.000000
6.980000 0.222824 0.076248 0.000000
6.990000 0.221358 0.076339 0.000000
7.000000 0.219719 0.076406 0.000000
7.010000 0.217922 0.076448 0.000000
7.020000 0.215975 0.076468 0.000000
7.030000 0.213891 0.076463 0.000000
7.040000 0.211679 0.076437 0.000000
7.050000 0.209348 0.076391 0.000000
7.060000 0.206910 0.076323 0.000000
7.070000 0.204371 0.076238 0.000000
7.080000 0.201741 0.076133 0.000000
7.090000 0.199028 0.076012 0.000000
7.100000 0.196238 0.075877 0.000000
7.110000 0.193380 0.075725 0.000000
7.120000 0.190458 0.075558 0.000000
7.130000 0.187480 0.075379 0.000000
7.140000 0.184450 0.075187 0.000000
7.150000 0.181374 0.074985 0.000000
7.160000 0.178255 0.074770 0.000000
7.170000 0.175099 0.074547 0.000000
7.180000 0.171909 0.074314 0.000000
7.190000 0.168688 0.074075 0.000000
7.200000 0.165440 0.073828 0.000000
7.210000 0.162167 0.073575 0.000000
7.220000 0.158871 0.073317 0.000000
7.230000 0.155556 0.073055 0.000000
7.240000 0.152222 0.072787 0.000000
7.250000 0.148872 0.072519 0.000000
7.260000 0.145507 0.072247 0.000000
7.270000 0.142128 0.071973 0.000000
7.280000 0.138737 0.071698 0.000000
7.290000 0.135333 0.071424 0.000000
7.300000 0.131919 0.071150 0.000000
7.310000 0.128495 0.070874 0.000000
7.320000 0.125060 0.070601 0.000000
7.330000 0.121616 0.070329 0.000000
7.340000 0.118161 0.070058 0.000000
7.350000 0.114698 0.069790 0.000000
7.360000 0.111224 0.069524 0.000000
7.370000 0.107740 0.069257 0.000000
7.380000 0.104244 0.068986 0.000000
7.390000 0.100740 0.068731 0.000000
7.400000 0.097229 0.068490 0.000000
7.410000 0.093707 0.068250 0.000000
7.420000 0.090172 0.068012 0.000000
7.430000 0.086622 0.067775 0.000000
7.440000 0.083055 0.067540 0.000000
7.450000 0.079469 0.067308 0.000000
7.460000 0.075863 0.067078 0.000000
7.470000 0.072235 0.066844 0.000000
7.480000 0.068582 0.066631 0.000000
7.490000 0.064902 0.066429 0.000000
7.500000 0.061193 0.066229 0.000000
7.510000 0.057452 0.066033 0.000000
7.520000 0.053679 0.065841 0.000000
7.530000 0.049871 0.065654 0.000000
7.540000 0.046025 0.065473 0.000000
7.550000 0.042141 0.065298 0.000000
7.560000 0.038214 0.065129 0.000000
7.570000 0.034242 0.064968 0.000000
7.580000 0.030222 0.064814 0.000000
7.590000 0.026151 0.064667 0.000000
7.600000 0.022024 0.064527 0.000000
7.610000 0.017840 0.064394 0.000000
7.620000 0.013592 0.064271 0.000000
7.630000 0.009277 0.064156 0.000000
7.640000 0.004890 0.064048 0.000000
7.650000 0.000426 0.063950 0.000000
7.660000 -0.004121 0.063860 0.000000
7.670000 -0.008755 0.063781 0.000000
7.680000 -0.013483 0.063712 0.000000
7.690000 -0.018312 0.063653 0.000000
7.700000 -0.023248 0.063606 0.000000
7.710000 -0.028299 0.063571 0.000000
7.720000 -0.033473 0.063549 0.000000
7.730000 -0.038779 0.063541 0.000000
7.740000 -0.044224 0.063548 0.000000
7.750000 -0.049819 0.063572 0.000000
7.760000 -0.055574 0.063612 0.000000
7.770000 -0.061501 0.063672 0.000000
7.780000 -0.067610 0.063750 0.000000
7.790000 -0.073914 0.063851 0.000000
7.800000 -0.080429 0.063977 0.000000
7.810000 -0.087170 0.064127 0.000000
7.820000 -0.094154 0.064305 0.000000
7.830000 -0.101399 0.064514 0.000000
7.840000 -0.108924 0.064755 0.000000
7.850000 -0.116753 0.065033 0.000000
7.860000 -0.124906 0.065349 0.000000
7.870000 -0.133409 0.065712 0.000000
7.880000 -0.142289 0.066119 0.000000
7.890000 -0.151572 0.066582 0.000000
7.900000 -0.161290 0.067101 0.000000
7.910000 -0.171473 0.067685 0.000000
7.920000 -0.181598 0.068329 0.000000
7.930000 -0.190718 0.069024 0.000000
7.940000 -0.198815 0.069747 0.000000
7.950000 -0.205912 0.070468 0.000000
7.960000 -0.212045 0.071166 0.000000
7.970000 -0.217257 0.071832 0.000000
7.980000 -0.221598 0.072454 0.000000
7.990000 -0.225116 0.073033 0.000000
8.000000 -0.227862 0.073564 0.000000
8.010000 -0.229884 0.074048 0.000000
8.020000 -0.231229 0.074482 0.000000
8.030000 -0.231942 0.074869 0.000000
8.040000 -0.232068 0.075209 0.000000
8.050000 -0.231650 0.075501 0.000000
8.060000 -0.230730 0.075746 0.000000
8.070000 -0.229350 0.075943 0.000000
8.080000 -0.227550 0.076097 0.000000
8.090000 -0.225370 0.076204 0.000000
8.100000 -0.222851 0.076266 0.000000
8.110000 -0.220028 0.076288 0.000000
8.120000 -0.216940 0.076266 0.000000
8.130000 -0.213622 0.076205 0.000000
8.140000 -0.210108 0.076112 0.000000
8.150000 -0.206430 0.075985 0.000000
8.160000 -0.202618 0.075830 0.000000
8.170000 -0.198699 0.075647 0.000000
8.180000 -0.194701 0.075443 0.000000
8.190000 -0.190645 0.075218 0.000000
8.200000 -0.186554 0.074978 0.000000
8.210000 -0.182447 0.074724 0.000000
8.220000 -0.178340 0.074458 0.000000
8.230000 -0.174249 0.074186 0.000000
8.240000 -0.170185 0.073907 0.000000
8.250000 -0.166160 0.073623 0.000000
8.260000 -0.162182 0.073338 0.000000
8.270000 -0.158260 0.073050 0.000000
8.280000 -0.154398 0.072763 0.000000
8.290000 -0.150603 0.072476 0.000000
8.300000 -0.146878 0.072193 0.000000
8.310000 -0.143225 0.071911 0.000000
8.320000 -0.139647 0.071632 0.000000
8.330000 -0.136144 0.071357 0.000000
8.340000 -0.132717 0.071085 0.000000
8.350000 -0.129367 0.070818 0.000000
8.360000 -0.126093 0.070555 0.000000
8.370000 -0.122895 0.070296 0.000000
8.380000 -0.119771 0.070041 0.000000
8.390000 -0.116722 0.069792 0.000000
8.400000 -0.113745 0.069547 0.000000
8.410000 -0.110841 0.069307 0.000000
8.420000 -0.108007 0.069069 0.000000
8.430000 -0.105241 0.068835 0.000000
8.440000 -0.102544 0.068599 0.000000
8.450000 -0.099916 0.068378 0.000000
8.460000 -0.097359 0.068171 0.000000
8.470000 -0.094868 0.067970 0.000000
8.480000 -0.092441 0.067771 0.000000
8.490000 -0.090076 0.067575 0.000000
8.500000 -0.087772 0.067382 0.000000
8.510000 -0.085527 0.067193 0.000000
8.520000 -0.083339 0.067006 0.000000
8.530000 -0.081207 0.066820 0.000000
8.540000 -0.079131 0.066640 0.000000
8.550000 -0.077108 0.066478 0.000000
8.560000 -0.075136 0.066321 0.000000
8.570000 -0.073216 0.066168 0.000000
8.580000 -0.071345 0.066018 0.000000
8.590000 -0.069524 0.065872 0.000000
8.600000 -0.067751 0.065731 0.000000
8.610000 -0.066025 0.065594 0.000000
8.620000 -0.064346 0.065464 0.000000
8.630000 -0.062712 0.065335 0.000000
8.640000 -0.061123 0.065212 0.000000
8.650000 -0.059577 0.065093 0.000000
8.660000 -0.058073 0.064978 0.000000
8.670000 -0.056610 0.064867 0.000000
8.680000 -0.055187 0.064759 0.000000
8.690000 -0.053803 0.064654 0.000000
8.700000 -0.052456 0.064552 0.000000
8.710000 -0.051146 0.064452 0.000000
8.720000 -0.049872 0.064356 0.000000
8.730000 -0.048631 0.064264 0.000000
8.740000 -0.047424 0.064170 0.000000
8.750000 -0.046250 0.064081 0.000000
8.760000 -0.045106 0.063993 0.000000
8.770000 -0.043993 0.063907 0.000000
8.780000 -0.042909 0.063822 0.000000
8.790000 -0.041853 0.063739 0.000000
8.800000 -0.040825 0.063658 0.000000
8.810000 -0.039823 0.063578 0.000000
8.820000 -0.038847 0.063501 0.000000
8.830000 -0.037897 0.063424 0.000000
8.840000 -0.036971 0.063350 0.000000
8.850000 -0.036068 0.063278 0.000000
8.860000 -0.035188 0.063207 0.000000
8.870000 -0.034331 0.063138 0.000000
8.880000 -0.033495 0.063070 0.000000
8.890000 -0.032680 0.063005 0.000000
8.900000 -0.031885 0.062940 0.000000
8.910000 -0.031111 0.062878 0.000000
8.920000 -0.030355 0.062819 0.000000
8.930000 -0.029619 0.062760 0.000000
8.940000 -0.028900 0.062704 0.000000
8.950000 -0.028200 0.062648 0.000000
8.960000 -0.027517 0.062595 0.000000
8.970000 -0.026850 0.062543 0.000000
8.980000 -0.026200 0.062494 0.000000
8.990000 -0.025566 0.062445 0.000000
9.000000 -0.024948 0.062398 0.000000
9.010000 -0.024345 0.062353 0.000000
9.020000 -0.023809 0.062309 0.000000
9.030000 -0.024383 0.062270 0.000000
9.040000 -0.026380 0.062242 0.000000
9.050000 -0.029654 0.062235 0.000000
9.060000 -0.034046 0.062255 0.000000
9.070000 -0.039390 0.062303 0.000000
9.080000 -0.045529 0.062376 0.000000
9.090000 -0.052317 0.062474 0.000000
9.100000 -0.059618 0.062594 0.000000
9.110000 -0.067311 0.062737 0.000000
9.120000 -0.075289 0.062901 0.000000
9.130000 -0.083457 0.063087 0.000000
9.140000 -0.091733 0.063296 0.000000
9.150000 -0.100049 0.063533 0.000000
9.160000 -0.108343 0.063796 0.000000
9.170000 -0.116565 0.064089 0.000000
9.180000 -0.124671 0.064413 0.000000
9.190000 -0.132624 0.064768 0.000000
9.200000 -0.140392 0.065155 0.000000
9.210000 -0.147948 0.065571 0.000000
9.220000 -0.155270 0.066016 0.000000
9.230000 -0.162337 0.066486 0.000000
9.240000 -0.169132 0.066980 0.000000
9.250000 -0.175639 0.067493 0.000000
9.260000 -0.181846 0.068021 0.000000
9.270000 -0.187741 0.068560 0.000000
9.280000 -0.193315 0.069107 0.000000
9.290000 -0.198559 0.069658 0.000000
9.300000 -0.203467 0.070207 0.000000
9.310000 -0.208034 0.070751 0.000000
9.320000 -0.212256 0.071289 0.000000
9.330000 -0.216132 0.071813 0.000000
9.340000 -0.219660 0.072324 0.000000
9.350000 -0.222843 0.072819 0.000000
9.360000 -0.225681 0.073295 0.000000
9.370000 -0.228179 0.073751 0.000000
9.380000 -0.230342 0.074185 0.000000
9.390000 -0.232175 0.074595 0.000000
9.400000 -0.233686 0.074982 0.000000
9.410000 -0.234883 0.075347 0.000000
9.420000 -0.235775 0.075680 0.000000
9.430000 -0.236372 0.075998 0.000000
9.440000 -0.236685 0.076287 0.000000
9.450000 -0.236724 0.076550 0.000000
9.460000 -0.236501 0.076788 0.000000
9.470000 -0.236028 0.077001 0.000000
9.480000 -0.235317 0.077188 0.000000
9.490000 -0.234381 0.077350 0.000000
9.500000 -0.233232 0.077488 0.000000
9.510000 -0.231881 0.077600 0.000000
9.520000 -0.230342 0.077687 0.000000
9.530000 -0.228626 0.077751 0.000000
9.540000 -0.226745 0.077790 0.000000
9.550000 -0.224710 0.077803 0.000000
9.560000 -0.222533 0.077794 0.000000
9.570000 -0.220223 0.077762 0.000000
9.580000 -0.217792 0.077707 0.000000
9.590000 -0.215248 0.077631 0.000000
9.600000 -0.212601 0.077535 0.000000
9.610000 -0.209861 0.077418 0.000000
9.620000 -0.207034 0.077285 0.000000
9.630000 -0.204130 0.077132 0.000000
9.640000 -0.201155 0.076963 0.000000
9.650000 -0.198115 0.076779 0.000000
9.660000 -0.195018 0.076582 0.000000
9.670000 -0.191869 0.076372 0.000000
9.680000 -0.188674 0.076147 0.000000
9.690000 -0.185436 0.075913 0.000000
9.700000 -0.182162 0.075670 0.000000
9.710000 -0.178854 0.075418 0.000000
9.720000 -0.175517 0.075159 0.000000
9.730000 -0.172153 0.074893 0.000000
9.740000 -0.168767 0.074620 0.000000
9.750000 -0.165360 0.074343 0.000000
9.760000 -0.161934 0.074061 0.000000
9.770000 -0.158493 0.073779 0.000000
9.780000 -0.155037 0.073493 0.000000
9.790000 -0.151569 0.073202 0.000000
9.800000 -0.148089 0.072912 0.000000
9.810000 -0.144599 0.072621 0.000000
9.820000 -0.141100 0.072329 0.000000
9.830000 -0.137592 0.072038 0.000000
9.840000 -0.134076 0.071747 0.000000
9.850000 -0.130553 0.071458 0.000000
9.860000 -0.127023 0.071170 0.000000
9.870000 -0.123486 0.070883 0.000000
9.880000 -0.119942 0.070599 0.000000
9.890000 -0.116391 0.070317 0.000000
9.900000 -0.112832 0.070039 0.000000
9.910000 -0.109265 0.069761 0.000000
9.920000 -0.105689 0.069481 0.000000
9.930000 -0.102105 0.069203 0.000000
9.940000 -0.098515 0.068949 0.000000
9.950000 -0.094919 0.068698 0.000000
9.960000 -0.091311 0.068450 0.000000
9.970000 -0.087690 0.068204 0.000000
9.980000 -0.084054 0.067960 0.000000
9.990000 -0.080401 0.067720 0.000000
10.000000 -0.076729 0.067482 0.000000
10.010000 -0.073036 0.067243 0.000000
10.020000 -0.069320 0.067011 0.000000
10.030000 -0.065578 0.066798 0.000000
10.040000 -0.061808 0.066590 0.000000
10.050000 -0.058007 0.066385 0.000000
10.060000 -0.054174 0.066185 0.000000
10.070000 -0.050307 0.065990 0.000000
10.080000 -0.046403 0.065801 0.000000
10.090000 -0.042461 0.065618 0.000000
10.100000 -0.038476 0.065441 0.000000
10.110000 -0.034447 0.065272 0.000000
10.120000 -0.030370 0.065110 0.000000
10.130000 -0.026242 0.064955 0.000000
10.140000 -0.022059 0.064806 0.000000
10.150000 -0.017818 0.064666 0.000000
10.160000 -0.013513 0.064534 0.000000
10.170000 -0.009142 0.064410 0.000000
10.180000 -0.004698 0.064295 0.000000
10.190000 -0.000180 0.064188 0.000000
10.200000 0.004428 0.064091 0.000000
10.210000 0.009121 0.064004 0.000000
10.220000 0.013908 0.063926 0.000000
10.230000 0.018798 0.063859 0.000000
10.240000 0.023796 0.063806 0.000000
10.250000 0.028910 0.063762 0.000000
10.260000 0.034148 0.063732 0.000000
10.270000 0.039520 0.063716 0.000000
10.280000 0.045033 0.063715 0.000000
10.290000 0.050699 0.063730 0.000000
10.300000 0.056527 0.063761 0.000000
10.310000 0.062529 0.063812 0.000000
10.320000 0.068716 0.063882 0.000000
10.330000 0.075103 0.063975 0.000000
10.340000 0.081704 0.064091 0.000000
10.350000 0.088535 0.064234 0.000000
10.360000 0.095614 0.064404 0.000000
10.370000 0.102958 0.064605 0.000000
10.380000 0.110590 0.064840 0.000000
10.390000 0.118529 0.065112 0.000000
10.400000 0.126801 0.065423 0.000000
10.410000 0.135429 0.065780 0.000000
10.420000 0.144442 0.066185 0.000000
10.430000 0.153866 0.066643 0.000000
10.440000 0.163734 0.067161 0.000000
10.450000 0.174057 0.067745 0.000000
10.460000 0.183901 0.068385 0.000000
10.470000 0.192719 0.069082 0.000000
10.480000 0.200520 0.069813 0.000000
10.490000 0.207329 0.070556 0.000000
10.500000 0.213186 0.071297 0.000000
10.510000 0.218137 0.072022 0.000000
10.520000 0.222229 0.072714 0.000000
10.530000 0.225513 0.073367 0.000000
10.540000 0.228038 0.073973 0.000000
10.550000 0.229851 0.074523 0.000000
10.560000 0.231000 0.075016 0.000000
10.570000 0.231528 0.075448 0.000000
10.580000 0.231480 0.075820 0.000000
10.590000 0.230899 0.076132 0.000000
10.600000 0.229828 0.076388 0.000000
10.610000 0.228308 0.076583 0.000000
10.620000 0.226381 0.076731 0.000000
10.630000 0.224086 0.076829 0.000000
10.640000 0.221464 0.076881 0.000000
10.650000 0.218553 0.076892 0.000000
10.660000 0.215389 0.076867 0.000000
10.670000 0.212008 0.076804 0.000000
10.680000 0.208444 0.076711 0.000000
10.690000 0.204728 0.076589 0.000000
10.700000 0.200889 0.076439 0.000000
10.710000 0.196956 0.076271 0.000000
10.720000 0.192952 0.076077 0.000000
10.730000 0.188901 0.075867 0.000000
10.740000 0.184821 0.075638 0.000000
10.750000 0.180732 0.075394 0.000000
10.760000 0.176649 0.075136 0.000000
10.770000 0.172586 0.074865 0.000000
10.780000 0.168553 0.074584 0.000000
10.790000 0.164562 0.074294 0.000000
10.800000 0.160620 0.073999 0.000000
10.810000 0.156734 0.073695 0.000000
10.820000 0.152910 0.073391 0.000000
10.830000 0.149152 0.073082 0.000000
10.840000 0.145464 0.072773 0.000000
10.850000 0.141847 0.072465 0.000000
10.860000 0.138304 0.072158 0.000000
10.870000 0.134836 0.071854 0.000000
10.880000 0.131444 0.071554 0.000000
10.890000 0.128126 0.071261 0.000000
10.900000 0.124885 0.070971 0.000000
10.910000 0.121718 0.070687 0.000000
10.920000 0.118626 0.070409 0.000000
10.930000 0.115606 0.070136 0.000000
10.940000 0.112660 0.069871 0.000000
10.950000 0.109784 0.069610 0.000000
10.960000 0.106978 0.069354 0.000000
10.970000 0.104240 0.069098 0.000000
10.980000 0.101571 0.068848 0.000000
10.990000 0.098973 0.068620 0.000000
11.000000 0.096443 0.068402 0.000000
11.010000 0.093979 0.068186 0.000000
11.020000 0.091579 0.067972 0.000000
11.030000 0.089239 0.067760 0.000000
11.040000 0.086959 0.067551 0.000000
11.050000 0.084738 0.067346 0.000000
11.060000 0.082573 0.067142 0.000000
11.070000 0.080464 0.066938 0.000000
11.080000 0.078409 0.066754 0.000000
11.090000 0.076406 0.066580 0.000000
11.100000 0.074455 0.066410 0.000000
11.110000 0.072554 0.066243 0.000000
11.120000 0.070702 0.066080 0.000000
11.130000 0.068900 0.065922 0.000000
11.140000 0.067144 0.065769 0.000000
11.150000 0.065436 0.065622 0.000000
11.160000 0.063774 0.065480 0.000000
11.170000 0.062157 0.065344 0.000000
11.180000 0.060584 0.065213 0.000000
11.190000 0.059054 0.065088 0.000000
11.200000 0.057565 0.064965 0.000000
11.210000 0.056118 0.064848 0.000000
11.220000 0.054710 0.064735 0.000000
11.230000 0.053339 0.064625 0.000000
11.240000 0.052007 0.064519 0.000000
11.250000 0.050710 0.064416 0.000000
11.260000 0.049448 0.064316 0.000000
11.270000 0.048221 0.064218 0.000000
11.280000 0.047025 0.064124 0.000000
11.290000 0.045863 0.064029 0.000000
11.300000 0.044729 0.063940 0.000000
11.310000 0.043627 0.063850 0.000000
11.320000 0.042553 0.063762 0.000000
11.330000 0.041508 0.063677 0.000000
11.340000 0.040489 0.063593 0.000000
11.350000 0.039497 0.063511 0.000000
11.360000 0.038530 0.063432 0.000000
11.370000 0.037588 0.063354 0.000000
11.380000 0.036670 0.063277 0.000000
11.390000 0.035774 0.063202 0.000000
11.400000 0.034902 0.063133 0.000000
11.410000 0.034053 0.063061 0.000000
11.420000 0.033224 0.062991 0.000000
11.430000 0.032415 0.062925 0.000000
11.440000 0.031628 0.062860 0.000000
11.450000 0.030859 0.062797 0.000000
11.460000 0.030110 0.062737 0.000000
11.470000 0.029380 0.062677 0.000000
11.480000 0.028667 0.062620 0.000000
11.490000 0.027973 0.062566 0.000000
11.500000 0.027295 0.062513 0.000000
11.510000 0.026634 0.062460 0.000000
11.520000 0.025990 0.062411 0.000000
11.530000 0.025361 0.062362 0.000000
11.540000 0.024748 0.062316 0.000000
11.550000 0.024149 0.062270 0.000000
11.560000 0.023565 0.062227 0.000000
11.570000 0.022995 0.062185 0.000000
11.580000 0.022440 0.062143 0.000000
11.590000 0.021897 0.062103 0.000000
11.600000 0.021369 0.062065 0.000000
11.610000 0.020852 0.062030 0.000000
11.620000 0.020350 0.061992 0.000000
11.630000 0.019857 0.061956 0.000000
11.640000 0.019378 0.061921 0.000000
11.650000 0.018911 0.061888 0.000000
11.660000 0.018453 0.061855 0.000000
11.670000 0.018008 0.061822 0.000000
11.680000 0.017573 0.061791 0.000000
11.690000 0.017149 0.061761 0.000000
11.700000 0.016735 0.061730 0.000000
11.710000 0.016331 0.061700 0.000000
11.720000 0.015938 0.061671 0.000000
11.730000 0.015552 0.061642 0.000000
11.740000 0.015177 0.061615 0.000000
11.750000 0.014810 0.061587 0.000000
11.760000 0.014454 0.061560 0.000000
11.770000 0.014104 0.061534 0.000000
11.780000 0.013764 0.061508 0.000000
11.790000 0.013429 0.061482 0.000000
11.800000 0.013105 0.061458 0.000000
11.810000 0.012788 0.061434 0.000000
11.820000 0.012479 0.061411 0.000000
11.830000 0.012178 0.061386 0.000000
11.840000 0.011886 0.061366 0.000000
11.850000 0.011599 0.061344 0.000000
11.860000 0.011315 0.061324 0.000000
11.870000 0.011042 0.061303 0.000000
11.880000 0.010774 0.061284 0.000000
11.890000 0.010513 0.061265 0.000000
11.900000 0.010260 0.061247 0.000000
11.910000 0.010013 0.061227 0.000000
11.920000 0.009771 0.061210 0.000000
11.930000 0.009533 0.061193 0.000000
11.940000 0.009304 0.061179 0.000000
11.950000 0.009079 0.061164 0.000000
11.960000 0.008857 0.061149 0.000000
11.970000 0.008643 0.061135 0.000000
11.980000 0.008434 0.061121 0.000000
11.990000 0.008230 0.061107 0.000000
12.000000 0.008032 0.061094 0.000000
12.010000 0.007838 0.061080 0.000000
12.020000 0.007652 0.061070 0.000000
12.030000 0.007464 0.061056 0.000000
12.040000 0.007285 0.061044 0.000000
12.050000 0.007107 0.061033 0.000000
12.060000 0.006933 0.061021 0.000000
12.070000 0.006767 0.061010 0.000000
12.080000 0.006608 0.060999 0.000000
12.090000 0.006448 0.060988 0.000000
12.100000 0.006291 0.060978 0.000000
12.110000 0.006133 0.060967 0.000000
12.120000 0.005988 0.060957 0.000000
12.130000 0.005839 0.060947 0.000000
12.140000 0.005701 0.060937 0.000000
12.150000 0.005565 0.060927 0.000000
12.160000 0.005429 0.060918 0.000000
12.170000 0.005294 0.060908 0.000000
12.180000 0.005169 0.060900 0.000000
12.190000 0.005041 0.060890 0.000000
12.200000 0.004928 0.060881 0.000000
12.210000 0.004802 0.060872 0.000000
12.220000 0.004684 0.060865 0.000000
12.230000 0.004573 0.060857 0.000000
12.240000 0.004470 0.060850 0.000000
12.250000 0.004351 0.060841 0.000000
12.260000 0.004249 0.060834 0.000000
12.270000 0.004142 0.060827 0.000000
12.280000 0.004048 0.060819 0.000000
12.290000 0.003955 0.060814 0.000000
12.300000 0.003857 0.060807 0.000000
12.310000 0.003767 0.060801 0.000000
12.320000 0.003667 0.060796 0.000000
12.330000 0.003573 0.060790 0.000000
12.340000 0.003499 0.060782 0.000000
12.350000 0.003402 0.060779 0.000000
12.360000 0.003328 0.060773 0.000000
12.370000 0.003247 0.060768 0.000000
12.380000 0.003163 0.060763 0.000000
12.390000 0.003085 0.060759 0.000000
12.400000 0.003011 0.060754 0.000000
12.410000 0.002944 0.060750 0.000000
12.420000 0.002875 0.060744 0.000000
12.430000 0.002794 0.060741 0.000000
12.440000 0.002736 0.060736 0.000000
12.450000 0.002660 0.060733 0.000000
12.460000 0.002615 0.060728 0.000000
12.470000 0.002534 0.060725 0.000000
12.480000 0.002470 0.060721 0.000000
12.490000 0.002412 0.060716 0.000000
12.500000 0.002356 0.060712 0.000000
12.510000 0.002298 0.060709 0.000000
12.520000 0.002239 0.060705 0.000000
12.530000 0.002183 0.060702 0.000000
12.540000 0.002137 0.060698 0.000000
12.550000 0.002094 0.060694 0.000000
12.560000 0.002026 0.060691 0.000000
12.570000 0.001997 0.060688 0.000000
12.580000 0.001929 0.060685 0.000000
12.590000 0.001907 0.060682 0.000000
12.600000 0.001838 0.060678 0.000000
12.610000 0.001792 0.060675 0.000000
12.620000 0.001762 0.060673 0.000000
12.630000 0.001731 0.060670 0.000000
12.640000 0.001677 0.060666 0.000000
12.650000 0.001630 0.060665 0.000000
12.660000 0.001590 0.060661 0.000000
12.670000 0.001554 0.060659 0.000000
12.680000 0.001524 0.060657 0.000000
12.690000 0.001504 0.060655 0.000000
12.700000 0.001446 0.060653 0.000000
12.710000 0.001396 0.060649 0.000000
12.720000 0.001364 0.060648 0.000000
12.730000 0.001363 0.060646 0.000000
12.740000 0.001300 0.060645 0.000000
12.750000 0.001268 0.060643 0.000000
12.760000 0.001260 0.060640 0.000000
12.770000 0.001200 0.060638 0.000000
12.780000 0.001212 0.060637 0.000000
12.790000 0.001141 0.060635 0.000000
12.800000 0.001148 0.060634 0.000000
12.810000 0.001089 0.060632 0.000000
12.820000 0.001071 0.060631 0.000000
12.830000 0.001059 0.060629 0.000000
12.840000 0.001005 0.060625 0.000000
12.850000 0.001005 0.060626 0.000000
12.860000 0.000984 0.060623 0.000000
12.870000 0.000931 0.060623 0.000000
12.880000 0.000920 0.060622 0.000000
12.890000 0.000946 0.060621 0.000000
12.900000 0.000878 0.060618 0.000000
12.910000 0.000840 0.060617 0.000000
12.920000 0.000832 0.060616 0.000000
12.930000 0.000853 0.060616 0.000000
12.940000 0.000808 0.060612 0.000000
12.950000 0.000761 0.060614 0.000000
12.960000 0.000739 0.060612 0.000000
12.970000 0.000744 0.060610 0.000000
12.980000 0.000776 0.060609 0.000000
12.990000 0.000710 0.060607 0.000000
13.000000 0.000666 0.060607 0.000000
13.010000 0.000651 0.060603 0.000000
13.020000 0.000669 0.060605 0.000000
13.030000 0.000679 0.060603 0.000000
13.040000 0.000611 0.060603 0.000000
13.050000 0.000581 0.060602 0.000000
13.060000 0.000599 0.060599 0.000000
13.070000 0.000622 0.060601 0.000000
13.080000 0.000544 0.060600 0.000000
13.090000 0.000530 0.060598 0.000000
13.100000 0.000598 0.060598 0.000000
13.110000 0.000508 0.060596 0.000000
13.120000 0.000492 0.060594 0.000000
13.130000 0.000553 0.060595 0.000000
13.140000 0.000452 0.060595 0.000000
13.150000 0.000515 0.060593 0.000000
13.160000 0.000436 0.060596 0.000000
13.170000 0.000477 0.060589 0.000000
13.180000 0.000411 0.060592 0.000000
13.190000 0.000487 0.060592 0.000000
13.200000 0.000379 0.060592 0.000000
13.210000 0.000438 0.060591 0.000000
13.220000 0.000413 0.060593 0.000000
13.230000 0.000346 0.060590 0.000000
13.240000 0.000373 0.060589 0.000000
13.250000 0.000448 0.060588 0.000000
13.260000 0.000401 0.060584 0.000000
13.270000 0.000346 0.060588 0.000000
13.280000 0.000316 0.060589 0.000000
13.290000 0.000300 0.060587 0.000000
13.300000 0.000297 0.060584 0.000000
13.310000 0.000311 0.060584 0.000000
13.320000 0.000357 0.060588 0.000000
13.330000 0.000387 0.060585 0.000000
13.340000 0.000274 0.060584 0.000000
13.350000 0.000240 0.060585 0.000000
13.360000 0.000383 0.060581 0.000000
13.370000 0.000225 0.060582 0.000000
13.380000 0.000328 0.060580 0.000000
13.390000 0.000201 0.060583 0.000000
13.400000 0.000346 0.060583 0.000000
13.410000 0.000251 0.060581 0.000000
13.420000 0.000174 0.060581 0.000000
13.430000 0.000187 0.060581 0.000000
13.440000 0.000213 0.060581 0.000000
13.450000 0.000211 0.060581 0.000000
13.460000 0.000175 0.060582 0.000000
13.470000 0.000135 0.060583 0.000000
13.480000 0.000202 0.060586 0.000000
13.490000 0.000321 0.060579 0.000000
13.500000 0.000117 0.060580 0.000000
13.510000 0.000319 0.060582 0.000000
13.520000 0.000103 0.060578 0.000000
13.530000 0.000212 0.060583 0.000000
13.540000 0.000330 0.060581 0.000000
13.550000 0.000242 0.060581 0.000000
13.560000 0.000217 0.060582 0.000000
13.570000 0.000255 0.060581 0.000000
13.580000 0.000311 0.060574 0.000000
13.590000 0.000138 0.060578 0.000000
13.600000 0.000127 0.060578 0.000000
13.610000 0.000226 0.060581 0.000000
13.620000 0.000170 0.060573 0.000000
13.630000 0.000035 0.060577 0.000000
13.640000 0.000147 0.060581 0.000000
13.650000 0.000190 0.060579 0.000000
13.660000 -0.000155 0.060577 0.000000
13.670000 -0.000041 0.060576 0.000000
13.680000 0.000153 0.060582 0.000000
13.690000 0.000226 0.060578 0.000000
13.700000 0.000133 0.060581 0.000000
13.710000 0.000079 0.060581 0.000000
13.720000 0.000203 0.060583 0.000000
13.730000 -0.000240 0.060573 0.000000
13.740000 -0.000189 0.060577 0.000000
13.750000 0.000048 0.060579 0.000000
13.760000 0.000185 0.060583 0.000000
13.770000 0.000139 0.060577 0.000000
13.780000 0.000280 0.060583 0.000000
13.790000 -0.000147 0.060573 0.000000
13.800000 0.000112 0.060582 0.000000
13.810000 0.000175 0.060580 0.000000
13.820000 0.000307 0.060585 0.000000
13.830000 0.000042 0.060589 0.000000
13.840000 -0.000317 0.060582 0.000000
13.850000 -0.000155 0.060584 0.000000
13.860000 0.000092 0.060582 0.000000
13.870000 0.000136 0.060589 0.000000
13.880000 0.000289 0.060592 0.000000
13.890000 0.000086 0.060579 0.000000
13.900000 -0.000290 0.060579 0.000000
13.910000 -0.000143 0.060586 0.000000
13.920000 0.000112 0.060583 0.000000
13.930000 0.000199 0.060581 0.000000
13.940000 0.000230 0.060590 0.000000
13.950000 -0.000096 0.060583 0.000000
13.960000 -0.000088 0.060587 0.000000
13.970000 0.000148 0.060581 0.000000
13.980000 0.000081 0.060583 0.000000
13.990000 0.000113 0.060590 0.000000
14.000000 0.000192 0.060590 0.000000
14.010000 -0.000262 0.060586 0.000000
14.020000 -0.000221 0.060592 0.000000
14.030000 0.000310 0.060581 0.000000
14.040000 0.000078 0.060593 0.000000
14.050000 0.000291 0.060586 0.000000
14.060000 -0.000178 0.060587 0.000000
14.070000 -0.000207 0.060589 0.000000
14.080000 0.000239 0.060595 0.000000
14.090000 0.000081 0.060578 0.000000
14.100000 0.000070 0.060585 0.000000
14.110000 0.000069 0.060589 0.000000
14.120000 -0.000083 0.060585 0.000000
14.130000 -0.000225 0.060601 0.000000
14.140000 0.000237 0.060588 0.000000
14.150000 0.000244 0.060591 0.000000
14.160000 0.000199 0.060592 0.000000
14.170000 0.000131 0.060597 0.000000
14.180000 -0.000018 0.060598 0.000000
14.190000 -0.000071 0.060603 0.000000
14.200000 0.000292 0.060594 0.000000
14.210000 0.000082 0.060590 0.000000
14.220000 0.000045 0.060598 0.000000
14.230000 -0.000183 0.060586 0.000000
14.240000 -0.000100 0.060597 0.000000
14.250000 -0.000201 0.060605 0.000000
14.260000 0.000119 0.060586 0.000000
14.270000 0.000149 0.060599 0.000000
14.280000 0.000010 0.060599 0.000000
14.290000 0.000058 0.060596 0.000000
14.300000 -0.000289 0.060597 0.000000
14.310000 -0.000149 0.060602 0.000000
14.320000 -0.000195 0.060602 0.000000
14.330000 0.000144 0.060592 0.000000
14.340000 0.000279 0.060604 0.000000
14.350000 0.000207 0.060596 0.000000
14.360000 -0.000073 0.060596 0.000000
14.370000 -0.000019 0.060600 0.000000
14.380000 -0.000107 0.060604 0.000000
14.390000 0.000128 0.060599 0.000000
14.400000 0.000143 0.060607 0.000000
14.410000 0.000066 0.060610 0.000000
14.420000 -0.000072 0.060591 0.000000
14.430000 -0.000021 0.060605 0.000000
14.440000 -0.000224 0.060589 0.000000
14.450000 0.000232 0.060613 0.000000
14.460000 0.000008 0.060592 0.000000
14.470000 0.000093 0.060605 0.000000
14.480000 -0.000062 0.060604 0.000000
14.490000 -0.000096 0.060604 0.000000
14.500000 -0.000003 0.060595 0.000000
14.510000 0.000205 0.060590 0.000000
14.520000 0.000150 0.060602 0.000000
14.530000 0.000169 0.060603 0.000000
14.540000 -0.000202 0.060608 0.000000
14.550000 -0.000044 0.060598 0.000000
14.560000 0.000014 0.060608 0.000000
14.570000 0.000249 0.060606 0.000000
14.580000 0.000200 0.060605 0.000000
14.590000 -0.000135 0.060591 0.000000
14.600000 -0.000219 0.060591 0.000000
14.610000 -0.000062 0.060606 0.000000
14.620000 0.000205 0.060611 0.000000
14.630000 0.000119 0.060606 0.000000
14.640000 0.000189 0.060607 0.000000
14.650000 -0.000181 0.060610 0.000000
14.660000 -0.000144 0.060610 0.000000
14.670000 0.000258 0.060600 0.000000
14.680000 0.000193 0.060608 0.000000
14.690000 0.000066 0.060604 0.000000
