0.010000 0.000000 0.000000 0.000000
0.020000 0.000000 0.000000 0.000000
0.030000 0.000000 0.000000 0.000000
0.040000 0.000000 0.000000 0.000000
0.050000 0.000000 0.000000 0.000000
0.060000 0.000000 0.000000 0.000000
0.070000 0.000000 0.000000 0.000000
0.080000 0.000000 0.000000 0.000000
0.090000 0.000000 0.000000 0.000000
0.100000 0.000000 0.000000 0.000000
0.110000 0.000000 0.000000 0.000000
0.120000 0.000000 0.000000 0.000000
0.130000 0.000000 0.000000 0.000000
0.140000 0.000000 0.000000 0.000000
0.150000 0.000000 0.000000 0.000000
0.160000 0.000000 0.000000 0.000000
0.170000 0.000000 0.000000 0.000000
0.180000 0.000000 0.000000 0.000000
0.190000 0.000000 0.000000 0.000000
0.200000 0.000000 0.000000 0.000000
0.210000 0.000000 0.000000 0.000000
0.220000 0.000000 0.000000 0.000000
0.230000 0.000000 0.000000 0.000000
0.240000 0.000000 0.000000 0.000000
0.250000 0.000000 0.000000 0.000000
0.260000 0.000000 0.000000 0.000000
0.270000 0.000000 0.000000 0.000000
0.280000 0.000000 0.000000 0.000000
0.290000 0.000000 0.000000 0.000000
0.300000 0.000000 0.000000 0.000000
0.310000 0.000000 0.000000 0.000000
0.320000 0.000000 0.000000 0.000000
0.330000 0.000000 0.000000 0.000000
0.340000 0.000000 0.000000 0.000000
0.350000 0.000000 0.000000 0.000000
0.360000 0.000000 0.000000 0.000000
0.370000 0.000000 0.000000 0.000000
0.380000 0.000000 0.000000 0.000000
0.390000 0.000000 0.000000 0.000000
0.400000 0.000000 0.000000 0.000000
0.410000 0.000000 0.000000 0.000000
0.420000 0.000000 0.000000 0.000000
0.430000 0.000000 0.000000 0.000000
0.440000 0.000000 0.000000 0.000000
0.450000 0.000000 0.000000 0.000000
0.460000 0.000000 0.000000 0.000000
0.470000 0.000000 0.000000 0.000000
0.480000 0.000000 0.000000 0.000000
0.490000 0.000000 0.000000 0.000000
0.500000 0.000000 0.000000 0.000000
0.510000 0.000000 0.000000 0.000000
0.520000 0.000000 0.000000 0.000000
0.530000 0.000000 0.000000 0.000000
0.540000 0.000000 0.000000 0.000000
0.550000 0.000000 0.000000 0.000000
0.560000 0.000000 0.000000 0.000000
0.570000 0.000000 0.000000 0.000000
0.580000 0.000000 0.000000 0.000000
0.590000 0.000000 0.000000 0.000000
0.600000 0.000000 0.000000 0.000000
0.610000 0.000000 0.000000 0.000000
0.620000 0.000000 0.000000 0.000000
0.630000 0.000000 0.000000 0.000000
0.640000 0.000000 0.000000 0.000000
0.650000 0.000000 0.000000 0.000000
0.660000 0.000000 0.000000 0.000000
0.670000 0.000000 0.000000 0.000000
0.680000 0.000000 0.000000 0.000000
0.690000 0.000000 0.000000 0.000000
0.700000 0.000000 0.000000 0.000000
0.710000 0.000000 0.000000 0.000000
0.720000 0.000000 0.000000 0.000000
0.730000 0.000000 0.000000 0.000000
0.740000 0.000000 0.000000 0.000000
0.750000 0.000000 0.000000 0.000000
0.760000 0.000000 0.000000 0.000000
0.770000 0.000000 0.000000 0.000000
0.780000 0.000000 0.000000 0.000000
0.790000 0.000000 0.000000 0.000000
0.800000 0.000000 0.000000 0.000000
0.810000 0.000000 0.000000 0.000000
0.820000 0.000000 0.000000 0.000000
0.830000 0.000000 0.000000 0.000000
0.840000 0.000000 0.000000 0.000000
0.850000 0.000000 0.000000 0.000000
0.860000 0.000000 0.000000 0.000000
0.870000 0.000000 0.000000 0.000000
0.880000 0.000000 0.000000 0.000000
0.890000 0.000000 0.000000 0.000000
0.900000 0.000000 0.000000 0.000000
0.910000 0.000000 0.000000 0.000000
0.920000 0.000000 0.000000 0.000000
0.930000 0.000000 0.000000 0.000000
0.940000 0.000000 0.000000 0.000000
0.950000 0.000000 0.000000 0.000000
0.960000 0.000000 0.000000 0.000000
0.970000 0.000000 0.000000 0.000000
0.980000 0.000000 0.000000 0.000000
0.990000 0.000000 0.000000 0.000000
1.000000 0.000000 0.000000 0.000000
1.010000 0.003208 1.000000 0.000000
1.020000 0.003229 1.000000 0.000000
1.030000 0.003274 1.000000 0.000000
1.040000 0.003336 1.000000 0.000000
1.050000 0.003405 1.000000 0.000000
1.060000 0.003481 1.000000 0.000000
1.070000 0.003558 1.000000 0.000000
1.080000 0.003633 1.000000 0.000000
1.090000 0.003699 1.000000 0.000000
1.100000 0.003758 1.000000 0.000000
1.110000 0.003810 1.000000 0.000000
1.120000 0.003847 1.000000 0.000000
1.130000 0.003870 1.000000 0.000000
1.140000 0.003880 1.000000 0.000000
1.150000 0.003881 1.000000 0.000000
1.160000 0.003860 1.000000 0.000000
1.170000 0.003821 1.000000 0.000000
1.180000 0.003771 1.000000 0.000000
1.190000 0.003708 1.000000 0.000000
1.200000 0.003634 1.000000 0.000000
1.210000 0.003543 1.000000 0.000000
1.220000 0.003448 1.000000 0.000000
1.230000 0.003345 1.000000 0.000000
1.240000 0.003234 1.000000 0.000000
1.250000 0.003120 1.000000 0.000000
1.260000 0.003009 1.000000 0.000000
1.270000 0.002894 1.000000 0.000000
1.280000 0.002780 1.000000 0.000000
1.290000 0.002667 1.000000 0.000000
1.300000 0.002563 1.000000 0.000000
1.310000 0.002478 1.000000 0.000000
1.320000 0.002422 1.000000 0.000000
1.330000 0.002411 1.000000 0.000000
1.340000 0.002464 1.000000 0.000000
1.350000 0.002578 1.000000 0.000000
1.360000 0.002770 1.000000 0.000000
1.370000 0.003046 1.000000 0.000000
1.380000 0.003400 1.000000 0.000000
1.390000 0.003816 1.000000 0.000000
1.400000 0.004291 1.000000 0.000000
1.410000 0.004812 1.000000 0.000000
1.420000 0.005373 1.000000 0.000000
1.430000 0.005947 1.000000 0.000000
1.440000 0.006523 1.000000 0.000000
1.450000 0.007099 1.000000 0.000000
1.460000 0.007674 1.000000 0.000000
1.470000 0.008237 1.000000 0.000000
1.480000 0.008793 1.000000 0.000000
1.490000 0.009343 1.000000 0.000000
1.500000 0.009885 1.000000 0.000000
1.510000 0.010427 1.000000 0.000000
1.520000 0.010969 1.000000 0.000000
1.530000 0.011513 1.000000 0.000000
1.540000 0.012057 1.000000 0.000000
1.550000 0.012604 1.000000 0.000000
1.560000 0.013150 1.000000 0.000000
1.570000 0.013665 1.000000 0.000000
1.580000 0.014113 1.000000 0.000000
1.590000 0.014500 1.000000 0.000000
1.600000 0.014841 1.000000 0.000000
1.610000 0.015143 1.000000 0.000000
1.620000 0.015342 1.000000 0.000000
1.630000 0.015124 1.000000 0.000000
1.640000 0.014459 1.000000 0.000000
1.650000 0.013523 1.000000 0.000000
1.660000 0.012445 1.000000 0.000000
1.670000 0.011314 1.000000 0.000000
1.680000 0.010190 1.000000 0.000000
1.690000 0.009115 1.000000 0.000000
1.700000 0.008113 1.000000 0.000000
1.710000 0.007203 1.000000 0.000000
1.720000 0.006385 1.000000 0.000000
1.730000 0.005668 1.000000 0.000000
1.740000 0.005036 1.000000 0.000000
1.750000 0.004480 1.000000 0.000000
1.760000 0.003990 1.000000 0.000000
1.770000 0.003544 1.000000 0.000000
1.780000 0.003126 1.000000 0.000000
1.790000 0.002707 1.000000 0.000000
1.800000 0.002277 1.000000 0.000000
1.810000 0.001809 1.000000 0.000000
1.820000 0.001316 1.000000 0.000000
1.830000 0.000758 1.000000 0.000000
1.840000 0.000111 1.000000 0.000000
1.850000 -0.000609 1.000000 0.000000
1.860000 -0.001336 1.000000 0.000000
1.870000 -0.002112 1.000000 0.000000
1.880000 -0.002937 1.000000 0.000000
1.890000 -0.003807 1.000000 0.000000
1.900000 -0.004699 1.000000 0.000000
1.910000 -0.005600 1.000000 0.000000
1.920000 -0.006504 1.000000 0.000000
1.930000 -0.007406 1.000000 0.000000
1.940000 -0.008293 1.000000 0.000000
1.950000 -0.009157 1.000000 0.000000
1.960000 -0.009997 1.000000 0.000000
1.970000 -0.010800 1.000000 0.000000
1.980000 -0.011569 1.000000 0.000000
1.990000 -0.012297 1.000000 0.000000
2.000000 -0.012985 1.000000 0.000000
2.010000 -0.013632 1.000000 0.000000
2.020000 -0.014233 1.000000 0.000000
2.030000 -0.014793 1.000000 0.000000
2.040000 -0.015310 1.000000 0.000000
2.050000 -0.015786 1.000000 0.000000
2.060000 -0.016221 1.000000 0.000000
2.070000 -0.016618 1.000000 0.000000
2.080000 -0.016977 1.000000 0.000000
2.090000 -0.017301 1.000000 0.000000
2.100000 -0.017590 1.000000 0.000000
2.110000 -0.017848 1.000000 0.000000
2.120000 -0.018073 1.000000 0.000000
2.130000 -0.018271 1.000000 0.000000
2.140000 -0.018442 1.000000 0.000000
2.150000 -0.018591 1.000000 0.000000
2.160000 -0.018719 1.000000 0.000000
2.170000 -0.018827 1.000000 0.000000
2.180000 -0.018922 1.000000 0.000000
2.190000 -0.019000 1.000000 0.000000
2.200000 -0.019070 1.000000 0.000000
2.210000 -0.019130 1.000000 0.000000
2.220000 -0.019185 1.000000 0.000000
2.230000 -0.019239 1.000000 0.000000
2.240000 -0.019289 1.000000 0.000000
2.250000 -0.019337 1.000000 0.000000
2.260000 -0.019387 1.000000 0.000000
2.270000 -0.019438 1.000000 0.000000
2.280000 -0.019492 1.000000 0.000000
2.290000 -0.019546 1.000000 0.000000
2.300000 -0.019603 1.000000 0.000000
2.310000 -0.019658 1.000000 0.000000
2.320000 -0.019712 1.000000 0.000000
2.330000 -0.019765 1.000000 0.000000
2.340000 -0.019815 1.000000 0.000000
2.350000 -0.019859 1.000000 0.000000
2.360000 -0.019895 1.000000 0.000000
2.370000 -0.019926 1.000000 0.000000
2.380000 -0.019946 1.000000 0.000000
2.390000 -0.019958 1.000000 0.000000
2.400000 -0.019959 1.000000 0.000000
2.410000 -0.019948 1.000000 0.000000
2.420000 -0.019927 1.000000 0.000000
2.430000 -0.019893 1.000000 0.000000
2.440000 -0.019849 1.000000 0.000000
2.450000 -0.019793 1.000000 0.000000
2.460000 -0.019727 1.000000 0.000000
2.470000 -0.019652 1.000000 0.000000
2.480000 -0.019567 1.000000 0.000000
2.490000 -0.019476 1.000000 0.000000
2.500000 -0.019378 1.000000 0.000000
2.510000 -0.019276 1.000000 0.000000
2.520000 -0.019170 1.000000 0.000000
2.530000 -0.019062 1.000000 0.000000
2.540000 -0.018955 1.000000 0.000000
2.550000 -0.018847 1.000000 0.000000
2.560000 -0.018744 1.000000 0.000000
2.570000 -0.018641 1.000000 0.000000
2.580000 -0.018544 1.000000 0.000000
2.590000 -0.018453 1.000000 0.000000
2.600000 -0.018366 1.000000 0.000000
2.610000 -0.018288 1.000000 0.000000
2.620000 -0.018218 1.000000 0.000000
2.630000 -0.018155 1.000000 0.000000
2.640000 -0.018098 1.000000 0.000000
2.650000 -0.018049 1.000000 0.000000
2.660000 -0.018010 1.000000 0.000000
2.670000 -0.017975 1.000000 0.000000
2.680000 -0.017945 1.000000 0.000000
2.690000 -0.017921 1.000000 0.000000
2.700000 -0.017903 1.000000 0.000000
2.710000 -0.017887 1.000000 0.000000
2.720000 -0.017875 1.000000 0.000000
2.730000 -0.017862 1.000000 0.000000
2.740000 -0.017851 1.000000 0.000000
2.750000 -0.017839 1.000000 0.000000
2.760000 -0.017825 1.000000 0.000000
2.770000 -0.017810 1.000000 0.000000
2.780000 -0.017791 1.000000 0.000000
2.790000 -0.017768 1.000000 0.000000
2.800000 -0.017743 1.000000 0.000000
2.810000 -0.017711 1.000000 0.000000
2.820000 -0.017677 1.000000 0.000000
2.830000 -0.017639 1.000000 0.000000
2.840000 -0.017596 1.000000 0.000000
2.850000 -0.017548 1.000000 0.000000
2.860000 -0.017497 1.000000 0.000000
2.870000 -0.017446 1.000000 0.000000
2.880000 -0.017389 1.000000 0.000000
2.890000 -0.017362 1.000000 0.000000
2.900000 -0.017390 1.000000 0.000000
2.910000 -0.017481 1.000000 0.000000
2.920000 -0.017630 1.000000 0.000000
2.930000 -0.017830 1.000000 0.000000
2.940000 -0.018074 1.000000 0.000000
2.950000 -0.018356 1.000000 0.000000
2.960000 -0.018672 1.000000 0.000000
2.970000 -0.019008 1.000000 0.000000
2.980000 -0.019360 1.000000 0.000000
2.990000 -0.019722 1.000000 0.000000
3.000000 -0.020082 1.000000 0.000000
3.010000 -0.020434 1.000000 0.000000
3.020000 -0.020769 1.000000 0.000000
3.030000 -0.021082 1.000000 0.000000
3.040000 -0.021365 1.000000 0.000000
3.050000 -0.021614 1.000000 0.000000
3.060000 -0.021829 1.000000 0.000000
3.070000 -0.022007 1.000000 0.000000
3.080000 -0.022150 1.000000 0.000000
3.090000 -0.022257 1.000000 0.000000
3.100000 -0.022335 0.991257 0.000000
3.110000 -0.022384 0.973046 0.000000
3.120000 -0.022413 0.954816 0.000000
3.130000 -0.022425 0.936546 0.000000
3.140000 -0.022429 0.918180 0.000000
3.150000 -0.022428 0.899689 0.000000
3.160000 -0.022429 0.881095 0.000000
3.170000 -0.022433 0.862386 0.000000
3.180000 -0.022445 0.843563 0.000000
3.190000 -0.022465 0.824679 0.000000
3.200000 -0.022495 0.805758 0.000000
3.210000 -0.022532 0.786838 0.000000
3.220000 -0.022578 0.767929 0.000000
3.230000 -0.022628 0.749088 0.000000
3.240000 -0.022681 0.730312 0.000000
3.250000 -0.022733 0.711598 0.000000
3.260000 -0.022782 0.692970 0.000000
3.270000 -0.022820 0.674393 0.000000
3.280000 -0.022847 0.655865 0.000000
3.290000 -0.022855 0.637311 0.000000
3.300000 -0.022839 0.618749 0.000000
3.310000 -0.022789 0.600106 0.000000
3.320000 -0.022694 0.581361 0.000000
3.330000 -0.022535 0.562503 0.000000
3.340000 -0.022282 0.543915 0.000000
3.350000 -0.021878 0.526519 0.000000
3.360000 -0.021262 0.511391 0.000000
3.370000 -0.020403 0.499152 0.000000
3.380000 -0.019302 0.489593 0.000000
3.390000 -0.018009 0.481986 0.000000
3.400000 -0.016581 0.475498 0.000000
3.410000 -0.015073 0.469432 0.000000
3.420000 -0.013532 0.463283 0.000000
3.430000 -0.011994 0.456775 0.000000
3.440000 -0.010488 0.449779 0.000000
3.450000 -0.009034 0.442282 0.000000
3.460000 -0.007645 0.434385 0.000000
3.470000 -0.006328 0.426220 0.000000
3.480000 -0.005092 0.417969 0.000000
3.490000 -0.003943 0.409800 0.000000
3.500000 -0.002884 0.401883 0.000000
3.510000 -0.001933 0.394363 0.000000
3.520000 -0.001034 0.387341 0.000000
3.530000 -0.000395 0.380886 0.000000
3.540000 0.000512 0.375015 0.000000
3.550000 0.001101 0.369776 0.000000
3.560000 0.001642 0.365095 0.000000
3.570000 0.002113 0.360908 0.000000
3.580000 0.002517 0.357138 0.000000
3.590000 0.002860 0.353696 0.000000
3.600000 0.003144 0.350482 0.000000
3.610000 0.003359 0.347401 0.000000
3.620000 0.003531 0.344378 0.000000
3.630000 0.003668 0.341319 0.000000
3.640000 0.003776 0.338177 0.000000
3.650000 0.003824 0.334917 0.000000
3.660000 0.003859 0.331503 0.000000
3.670000 0.003865 0.327931 0.000000
3.680000 0.003852 0.324204 0.000000
3.690000 0.003812 0.320336 0.000000
3.700000 0.003766 0.316365 0.000000
3.710000 0.003710 0.312315 0.000000
3.720000 0.003638 0.308224 0.000000
3.730000 0.003555 0.304133 0.000000
3.740000 0.003465 0.300074 0.000000
3.750000 0.003386 0.296088 0.000000
3.760000 0.003288 0.292191 0.000000
3.770000 0.003213 0.288419 0.000000
3.780000 0.003111 0.284776 0.000000
3.790000 0.003018 0.281272 0.000000
3.800000 0.002931 0.277907 0.000000
3.810000 0.002853 0.274683 0.000000
3.820000 0.002766 0.271589 0.000000
3.830000 0.002676 0.268606 0.000000
3.840000 0.002608 0.265723 0.000000
3.850000 0.002527 0.262926 0.000000
3.860000 0.002445 0.260188 0.000000
3.870000 0.002371 0.257504 0.000000
3.880000 0.002301 0.254856 0.000000
3.890000 0.002239 0.252229 0.000000
3.900000 0.002179 0.249618 0.000000
3.910000 0.002098 0.247016 0.000000
3.920000 0.002039 0.244413 0.000000
3.930000 0.001993 0.241821 0.000000
3.940000 0.001930 0.239228 0.000000
3.950000 0.001863 0.236644 0.000000
3.960000 0.001783 0.234072 0.000000
3.970000 0.001733 0.231512 0.000000
3.980000 0.001662 0.228987 0.000000
3.990000 0.001612 0.226484 0.000000
4.000000 0.001556 0.224017 0.000000
4.010000 0.001492 0.221594 0.000000
4.020000 0.001448 0.219217 0.000000
4.030000 0.001387 0.216887 0.000000
4.040000 0.001358 0.214599 0.000000
4.050000 0.001315 0.212365 0.000000
4.060000 0.001246 0.210181 0.000000
4.070000 0.001184 0.208038 0.000000
4.080000 0.001161 0.205949 0.000000
4.090000 0.001127 0.203896 0.000000
4.100000 0.001085 0.201882 0.000000
4.110000 0.001031 0.199904 0.000000
4.120000 0.000963 0.197967 0.000000
4.130000 0.000935 0.196050 0.000000
4.140000 0.000910 0.194168 0.000000
4.150000 0.000854 0.192306 0.000000
4.160000 0.000813 0.190467 0.000000
4.170000 0.000781 0.188656 0.000000
4.180000 0.000766 0.186859 0.000000
4.190000 0.000712 0.185094 0.000000
4.200000 0.000677 0.183352 0.000000
4.210000 0.000643 0.181625 0.000000
4.220000 0.000623 0.179926 0.000000
4.230000 0.000573 0.178238 0.000000
4.240000 0.000614 0.176588 0.000000
4.250000 0.000531 0.174962 0.000000
4.260000 0.000515 0.173357 0.000000
4.270000 0.000526 0.171772 0.000000
4.280000 0.000467 0.170222 0.000000
4.290000 0.000435 0.168689 0.000000
4.300000 0.000502 0.167191 0.000000
4.310000 0.000367 0.165710 0.000000
4.320000 0.000341 0.164259 0.000000
4.330000 0.000355 0.162837 0.000000
4.340000 0.000321 0.161417 0.000000
4.350000 0.000326 0.160040 0.000000
4.360000 0.000259 0.158684 0.000000
4.370000 0.000340 0.157348 0.000000
4.380000 0.000335 0.156029 0.000000
4.390000 0.000206 0.154728 0.000000
4.400000 0.000277 0.153445 0.000000
4.410000 0.000219 0.152177 0.000000
4.420000 0.000234 0.150939 0.000000
4.430000 0.000174 0.149712 0.000000
4.440000 0.000313 0.148495 0.000000
4.450000 0.000146 0.147320 0.000000
4.460000 0.000196 0.146141 0.000000
4.470000 0.000140 0.144982 0.000000
4.480000 0.000145 0.143847 0.000000
4.490000 0.000144 0.142713 0.000000
4.500000 0.000066 0.141616 0.000000
4.510000 0.000260 0.140530 0.000000
4.520000 0.000132 0.139467 0.000000
4.530000 -0.000301 0.138402 0.000000
4.540000 -0.000152 0.137370 0.000000
4.550000 -0.000308 0.136353 0.000000
4.560000 -0.000160 0.135367 0.000000
4.570000 0.000286 0.134365 0.000000
4.580000 0.000203 0.133394 0.000000
4.590000 0.000204 0.132436 0.000000
4.600000 0.000277 0.131501 0.000000
4.610000 -0.000015 0.130570 0.000000
4.620000 -0.000014 0.129656 0.000000
4.630000 0.000265 0.128747 0.000000
4.640000 0.000161 0.127876 0.000000
4.650000 0.000297 0.127006 0.000000
4.660000 0.000065 0.126163 0.000000
4.670000 -0.000057 0.125311 0.000000
4.680000 -0.000261 0.124477 0.000000
4.690000 0.000079 0.123657 0.000000
4.700000 0.000094 0.122847 0.000000
4.710000 0.000291 0.122055 0.000000
4.720000 -0.000089 0.121273 0.000000
4.730000 -0.000054 0.120504 0.000000
4.740000 -0.000177 0.119748 0.000000
4.750000 0.000129 0.119001 0.000000
4.760000 0.000283 0.118264 0.000000
4.770000 0.000248 0.117539 0.000000
4.780000 -0.000239 0.116822 0.000000
4.790000 -0.000045 0.116123 0.000000
4.800000 -0.000246 0.115429 0.000000
4.810000 0.000058 0.114747 0.000000
4.820000 0.000055 0.114074 0.000000
4.830000 0.000101 0.113411 0.000000
4.840000 -0.000096 0.112759 0.000000
4.850000 -0.000051 0.112119 0.000000
4.860000 0.000022 0.111487 0.000000
4.870000 0.000109 0.110866 0.000000
4.880000 0.000196 0.110252 0.000000
4.890000 0.000271 0.109648 0.000000
4.900000 -0.000221 0.109054 0.000000
4.910000 -0.000209 0.108470 0.000000
4.920000 -0.000251 0.107895 0.000000
4.930000 0.000170 0.107329 0.000000
4.940000 0.000027 0.106770 0.000000
4.950000 -0.000206 0.106219 0.000000
4.960000 -0.000204 0.105675 0.000000
4.970000 -0.000221 0.105143 0.000000
4.980000 0.000130 0.104620 0.000000
4.990000 0.000205 0.104104 0.000000
5.000000 0.000210 0.103593 0.000000
5.010000 -0.000088 0.103088 0.000000
5.020000 -0.000159 0.102601 0.000000
5.030000 -0.000014 0.102118 0.000000
5.040000 0.000049 0.101638 0.000000
5.050000 0.000175 0.101159 0.000000
5.060000 0.000211 0.100701 0.000000
5.070000 -0.000091 0.100247 0.000000
5.080000 -0.000157 0.099787 0.000000
5.090000 -0.000023 0.099360 0.000000
5.100000 0.000036 0.098924 0.000000
5.110000 0.000052 0.098492 0.000000
5.120000 0.000057 0.098065 0.000000
5.130000 -0.000084 0.097653 0.000000
5.140000 -0.000166 0.097242 0.000000
5.150000 -0.000119 0.096861 0.000000
5.160000 0.000179 0.096455 0.000000
5.170000 0.000190 0.096055 0.000000
5.180000 0.000038 0.095676 0.000000
5.190000 -0.000017 0.095274 0.000000
5.200000 -0.000139 0.094930 0.000000
5.210000 -0.000074 0.094550 0.000000
5.220000 0.000185 0.094172 0.000000
5.230000 0.000008 0.093840 0.000000
5.240000 -0.000180 0.093475 0.000000
5.250000 -0.000188 0.093137 0.000000
5.260000 -0.000069 0.092792 0.000000
5.270000 -0.000062 0.092462 0.000000
5.280000 0.000121 0.092133 0.000000
5.290000 0.000165 0.091807 0.000000
5.300000 -0.000111 0.091474 0.000000
5.310000 -0.000128 0.091173 0.000000
5.320000 -0.000097 0.090864 0.000000
5.330000 0.000065 0.090560 0.000000
5.340000 0.000005 0.090259 0.000000
5.350000 0.000164 0.089963 0.000000
5.360000 -0.000063 0.089667 0.000000
5.370000 -0.000133 0.089381 0.000000
5.380000 -0.000111 0.089098 0.000000
5.390000 0.000149 0.088821 0.000000
5.400000 0.000110 0.088540 0.000000
5.410000 0.000081 0.088280 0.000000
5.420000 -0.000110 0.088017 0.000000
5.430000 -0.000087 0.087755 0.000000
5.440000 -0.000027 0.087501 0.000000
5.450000 0.000057 0.087249 0.000000
5.460000 0.000105 0.087000 0.000000
5.470000 0.000081 0.086746 0.000000
5.480000 -0.000110 0.086503 0.000000
5.490000 -0.000036 0.086268 0.000000
5.500000 -0.000101 0.086034 0.000000
5.510000 0.000013 0.085797 0.000000
5.520000 0.000091 0.085573 0.000000
5.530000 0.000032 0.085346 0.000000
5.540000 -0.000031 0.085128 0.000000
5.550000 -0.000058 0.084907 0.000000
5.560000 0.000085 0.084695 0.000000
5.570000 0.002226 0.084484 0.000000
5.580000 0.007076 0.084265 0.000000
5.590000 0.014278 0.084035 0.000000
5.600000 0.023454 0.083793 0.000000
5.610000 0.034228 0.083558 0.000000
5.620000 0.046241 0.083352 0.000000
5.630000 0.059160 0.083210 0.000000
5.640000 0.072693 0.083158 0.000000
5.650000 0.086587 0.083217 0.000000
5.660000 0.100627 0.083412 0.000000
5.670000 0.114636 0.083751 0.000000
5.680000 0.128470 0.084237 0.000000
5.690000 0.142013 0.084876 0.000000
5.700000 0.155174 0.085653 0.000000
5.710000 0.167883 0.086566 0.000000
5.720000 0.180089 0.087608 0.000000
5.730000 0.191754 0.088757 0.000000
5.740000 0.202849 0.090020 0.000000
5.750000 0.213352 0.091384 0.000000
5.760000 0.223247 0.092838 0.000000
5.770000 0.232522 0.094384 0.000000
5.780000 0.241167 0.096010 0.000000
5.790000 0.249173 0.097716 0.000000
5.800000 0.256533 0.099498 0.000000
5.810000 0.263240 0.101352 0.000000
5.820000 0.269289 0.103276 0.000000
5.830000 0.274677 0.105270 0.000000
5.840000 0.279401 0.107327 0.000000
5.850000 0.283459 0.109452 0.000000
5.860000 0.286853 0.111637 0.000000
5.870000 0.289583 0.113880 0.000000
5.880000 0.291654 0.116181 0.000000
5.890000 0.293071 0.118534 0.000000
5.900000 0.293842 0.120934 0.000000
5.910000 0.293974 0.123378 0.000000
5.920000 0.293479 0.125863 0.000000
5.930000 0.292367 0.128375 0.000000
5.940000 0.290652 0.130913 0.000000
5.950000 0.288348 0.133461 0.000000
5.960000 0.285472 0.136017 0.000000
5.970000 0.282040 0.138565 0.000000
5.980000 0.278071 0.141093 0.000000
5.990000 0.273586 0.143587 0.000000
6.000000 0.268607 0.146038 0.000000
6.010000 0.263156 0.148425 0.000000
6.020000 0.257260 0.150739 0.000000
6.030000 0.250944 0.152960 0.000000
6.040000 0.244237 0.155074 0.000000
6.050000 0.237170 0.157067 0.000000
6.060000 0.229774 0.158921 0.000000
6.070000 0.222083 0.160621 0.000000
6.080000 0.214131 0.162158 0.000000
6.090000 0.205955 0.163514 0.000000
6.100000 0.197591 0.164674 0.000000
6.110000 0.189076 0.165639 0.000000
6.120000 0.180448 0.166387 0.000000
6.130000 0.171745 0.166922 0.000000
6.140000 0.163004 0.167236 0.000000
6.150000 0.154260 0.167329 0.000000
6.160000 0.145548 0.167207 0.000000
6.170000 0.136900 0.166866 0.000000
6.180000 0.128346 0.166323 0.000000
6.190000 0.119912 0.165573 0.000000
6.200000 0.111621 0.164642 0.000000
6.210000 0.103493 0.163540 0.000000
6.220000 0.095542 0.162282 0.000000
6.230000 0.087777 0.160888 0.000000
6.240000 0.080203 0.159371 0.000000
6.250000 0.072821 0.157762 0.000000
6.260000 0.065625 0.156073 0.000000
6.270000 0.058604 0.154322 0.000000
6.280000 0.051745 0.152529 0.000000
6.290000 0.045027 0.150710 0.000000
6.300000 0.038429 0.148879 0.000000
6.310000 0.031924 0.147052 0.000000
6.320000 0.025485 0.145231 0.000000
6.330000 0.019083 0.143427 0.000000
6.340000 0.012687 0.141646 0.000000
6.350000 0.006269 0.139891 0.000000
6.360000 -0.000212 0.138181 0.000000
6.370000 -0.006755 0.136468 0.000000
6.380000 -0.013413 0.134807 0.000000
6.390000 -0.020205 0.133183 0.000000
6.400000 -0.027155 0.131589 0.000000
6.410000 -0.034283 0.130027 0.000000
6.420000 -0.041596 0.128611 0.000000
6.430000 -0.049121 0.127262 0.000000
6.440000 -0.056895 0.125978 0.000000
6.450000 -0.064951 0.124764 0.000000
6.460000 -0.073322 0.123620 0.000000
6.470000 -0.082046 0.122558 0.000000
6.480000 -0.091158 0.121682 0.000000
6.490000 -0.100697 0.120927 0.000000
6.500000 -0.110697 0.120296 0.000000
6.510000 -0.121195 0.119818 0.000000
6.520000 -0.132238 0.119489 0.000000
6.530000 -0.143881 0.119322 0.000000
6.540000 -0.156188 0.119325 0.000000
6.550000 -0.169233 0.119511 0.000000
6.560000 -0.183102 0.119884 0.000000
6.570000 -0.197894 0.120484 0.000000
6.580000 -0.213721 0.121317 0.000000
6.590000 -0.230701 0.122398 0.000000
6.600000 -0.247403 0.123725 0.000000
6.610000 -0.262489 0.125284 0.000000
6.620000 -0.275972 0.127047 0.000000
6.630000 -0.287892 0.128982 0.000000
6.640000 -0.298305 0.131061 0.000000
6.650000 -0.307270 0.133262 0.000000
6.660000 -0.314845 0.135573 0.000000
6.670000 -0.321086 0.137974 0.000000
6.680000 -0.326040 0.140453 0.000000
6.690000 -0.329752 0.142988 0.000000
6.700000 -0.332262 0.145579 0.000000
6.710000 -0.333608 0.148199 0.000000
6.720000 -0.333827 0.150846 0.000000
6.730000 -0.332955 0.153512 0.000000
6.740000 -0.331031 0.156193 0.000000
6.750000 -0.328099 0.158884 0.000000
6.760000 -0.324201 0.161588 0.000000
6.770000 -0.319389 0.164288 0.000000
6.780000 -0.313713 0.166979 0.000000
6.790000 -0.307231 0.169648 0.000000
6.800000 -0.300002 0.172288 0.000000
6.810000 -0.292090 0.174879 0.000000
6.820000 -0.283560 0.177396 0.000000
6.830000 -0.274482 0.179826 0.000000
6.840000 -0.264924 0.182122 0.000000
6.850000 -0.254959 0.184275 0.000000
6.860000 -0.244660 0.186243 0.000000
6.870000 -0.234102 0.188007 0.000000
6.880000 -0.223359 0.189544 0.000000
6.890000 -0.212506 0.190829 0.000000
6.900000 -0.201618 0.191849 0.000000
6.910000 -0.190770 0.192593 0.000000
6.920000 -0.180032 0.193058 0.000000
6.930000 -0.169475 0.193230 0.000000
6.940000 -0.159165 0.193127 0.000000
6.950000 -0.149164 0.192754 0.000000
6.960000 -0.139530 0.192121 0.000000
6.970000 -0.130314 0.191245 0.000000
6.980000 -0.121560 0.190144 0.000000
6.990000 -0.113305 0.188837 0.000000
7.000000 -0.105579 0.187341 0.000000
7.010000 -0.098401 0.185680 0.000000
7.020000 -0.091781 0.183869 0.000000
7.030000 -0.085722 0.181929 0.000000
7.040000 -0.080216 0.179869 0.000000
7.050000 -0.075247 0.177725 0.000000
7.060000 -0.070791 0.175509 0.000000
7.070000 -0.066815 0.173221 0.000000
7.080000 -0.063283 0.170900 0.000000
7.090000 -0.060150 0.168557 0.000000
7.100000 -0.057369 0.166211 0.000000
7.110000 -0.054890 0.163878 0.000000
7.120000 -0.052662 0.161577 0.000000
7.130000 -0.050634 0.159312 0.000000
7.140000 -0.048758 0.157102 0.000000
7.150000 -0.046986 0.154953 0.000000
7.160000 -0.045278 0.152873 0.000000
7.170000 -0.043596 0.150862 0.000000
7.180000 -0.041908 0.148925 0.000000
7.190000 -0.040189 0.147064 0.000000
7.200000 -0.038420 0.145272 0.000000
7.210000 -0.036587 0.143554 0.000000
7.220000 -0.034684 0.141902 0.000000
7.230000 -0.032709 0.140321 0.000000
7.240000 -0.030664 0.138808 0.000000
7.250000 -0.028557 0.137358 0.000000
7.260000 -0.026398 0.135973 0.000000
7.270000 -0.024200 0.134651 0.000000
7.280000 -0.021976 0.133390 0.000000
7.290000 -0.019741 0.132188 0.000000
7.300000 -0.017511 0.131042 0.000000
7.310000 -0.015299 0.129946 0.000000
7.320000 -0.013119 0.128896 0.000000
7.330000 -0.010983 0.127877 0.000000
7.340000 -0.008904 0.126888 0.000000
7.350000 -0.006904 0.125985 0.000000
7.360000 -0.004990 0.125117 0.000000
7.370000 -0.003163 0.124255 0.000000
7.380000 -0.001420 0.123440 0.000000
7.390000 0.000165 0.122671 0.000000
7.400000 -0.000369 0.121923 0.000000
7.410000 -0.003653 0.121184 0.000000
7.420000 -0.009356 0.120471 0.000000
7.430000 -0.017108 0.119795 0.000000
7.440000 -0.026538 0.119153 0.000000
7.450000 -0.037287 0.118613 0.000000
7.460000 -0.049032 0.118144 0.000000
7.470000 -0.061484 0.117748 0.000000
7.480000 -0.074391 0.117430 0.000000
7.490000 -0.087538 0.117199 0.000000
7.500000 -0.100744 0.117059 0.000000
7.510000 -0.113857 0.117016 0.000000
7.520000 -0.126756 0.117074 0.000000
7.530000 -0.139343 0.117234 0.000000
7.540000 -0.151540 0.117497 0.000000
7.550000 -0.163289 0.117880 0.000000
7.560000 -0.174545 0.118371 0.000000
7.570000 -0.185272 0.118966 0.000000
7.580000 -0.195446 0.119667 0.000000
7.590000 -0.205045 0.120468 0.000000
7.600000 -0.214054 0.121364 0.000000
7.610000 -0.222463 0.122351 0.000000
7.620000 -0.230260 0.123425 0.000000
7.630000 -0.237439 0.124580 0.000000
7.640000 -0.243994 0.125813 0.000000
7.650000 -0.249919 0.127112 0.000000
7.660000 -0.255212 0.128475 0.000000
7.670000 -0.259870 0.129894 0.000000
7.680000 -0.263892 0.131365 0.000000
7.690000 -0.267279 0.132880 0.000000
7.700000 -0.270033 0.134438 0.000000
7.710000 -0.272158 0.136030 0.000000
7.720000 -0.273660 0.137650 0.000000
7.730000 -0.274546 0.139304 0.000000
7.740000 -0.274825 0.140975 0.000000
7.750000 -0.274509 0.142660 0.000000
7.760000 -0.273609 0.144358 0.000000
7.770000 -0.272140 0.146060 0.000000
7.780000 -0.270118 0.147757 0.000000
7.790000 -0.267561 0.149449 0.000000
7.800000 -0.264488 0.151122 0.000000
7.810000 -0.260919 0.152764 0.000000
7.820000 -0.256876 0.154371 0.000000
7.830000 -0.252383 0.155933 0.000000
7.840000 -0.247465 0.157429 0.000000
7.850000 -0.242147 0.158866 0.000000
7.860000 -0.236457 0.160209 0.000000
7.870000 -0.230423 0.161468 0.000000
7.880000 -0.224074 0.162615 0.000000
7.890000 -0.217441 0.163646 0.000000
7.900000 -0.210555 0.164550 0.000000
7.910000 -0.203446 0.165314 0.000000
7.920000 -0.196147 0.165935 0.000000
7.930000 -0.188689 0.166406 0.000000
7.940000 -0.181104 0.166708 0.000000
7.950000 -0.173422 0.166851 0.000000
7.960000 -0.165675 0.166826 0.000000
7.970000 -0.157891 0.166638 0.000000
7.980000 -0.150097 0.166289 0.000000
7.990000 -0.142320 0.165776 0.000000
8.000000 -0.134583 0.165105 0.000000
8.010000 -0.126907 0.164292 0.000000
8.020000 -0.119309 0.163348 0.000000
8.030000 -0.111806 0.162277 0.000000
8.040000 -0.104409 0.161091 0.000000
8.050000 -0.097125 0.159804 0.000000
8.060000 -0.089959 0.158430 0.000000
8.070000 -0.082913 0.156985 0.000000
8.080000 -0.075982 0.155478 0.000000
8.090000 -0.069162 0.153928 0.000000
8.100000 -0.062443 0.152339 0.000000
8.110000 -0.055812 0.150725 0.000000
8.120000 -0.049255 0.149093 0.000000
8.130000 -0.042755 0.147454 0.000000
8.140000 -0.036293 0.145807 0.000000
8.150000 -0.029850 0.144165 0.000000
8.160000 -0.023406 0.142531 0.000000
8.170000 -0.016940 0.140906 0.000000
8.180000 -0.010432 0.139297 0.000000
8.190000 -0.003862 0.137705 0.000000
8.200000 0.002791 0.136138 0.000000
8.210000 0.009546 0.134594 0.000000
8.220000 0.016425 0.133065 0.000000
8.230000 0.023441 0.131576 0.000000
8.240000 0.030598 0.130216 0.000000
8.250000 0.037925 0.128913 0.000000
8.260000 0.045453 0.127664 0.000000
8.270000 0.053217 0.126477 0.000000
8.280000 0.061246 0.125346 0.000000
8.290000 0.069575 0.124269 0.000000
8.300000 0.078239 0.123359 0.000000
8.310000 0.087273 0.122556 0.000000
8.320000 0.096709 0.121844 0.000000
8.330000 0.106581 0.121257 0.000000
8.340000 0.116926 0.120800 0.000000
8.350000 0.127790 0.120472 0.000000
8.360000 0.139227 0.120286 0.000000
8.370000 0.151300 0.120252 0.000000
8.380000 0.164082 0.120384 0.000000
8.390000 0.177656 0.120684 0.000000
8.400000 0.192119 0.121202 0.000000
8.410000 0.207576 0.121936 0.000000
8.420000 0.224146 0.122910 0.000000
8.430000 0.241152 0.124137 0.000000
8.440000 0.256633 0.125605 0.000000
8.450000 0.270498 0.127308 0.000000
8.460000 0.282777 0.129214 0.000000
8.470000 0.293523 0.131294 0.000000
8.480000 0.302792 0.133520 0.000000
8.490000 0.310643 0.135860 0.000000
8.500000 0.317132 0.138297 0.000000
8.510000 0.322310 0.140801 0.000000
8.520000 0.326222 0.143357 0.000000
8.530000 0.328913 0.145935 0.000000
8.540000 0.330420 0.148532 0.000000
8.550000 0.330784 0.151140 0.000000
8.560000 0.330043 0.153744 0.000000
8.570000 0.328238 0.156346 0.000000
8.580000 0.325412 0.158941 0.000000
8.590000 0.321613 0.161526 0.000000
8.600000 0.316891 0.164108 0.000000
8.610000 0.311301 0.166671 0.000000
8.620000 0.304902 0.169208 0.000000
8.630000 0.297755 0.171705 0.000000
8.640000 0.289926 0.174152 0.000000
8.650000 0.281483 0.176526 0.000000
8.660000 0.272494 0.178801 0.000000
8.670000 0.263033 0.180953 0.000000
8.680000 0.253171 0.182958 0.000000
8.690000 0.242983 0.184787 0.000000
8.700000 0.232544 0.186408 0.000000
8.710000 0.221927 0.187811 0.000000
8.720000 0.211207 0.188967 0.000000
8.730000 0.200457 0.189862 0.000000
8.740000 0.189750 0.190488 0.000000
8.750000 0.179156 0.190840 0.000000
8.760000 0.168743 0.190918 0.000000
8.770000 0.158574 0.190735 0.000000
8.780000 0.148711 0.190296 0.000000
8.790000 0.139207 0.189617 0.000000
8.800000 0.130111 0.188722 0.000000
8.810000 0.121466 0.187620 0.000000
8.820000 0.113307 0.186342 0.000000
8.830000 0.105661 0.184904 0.000000
8.840000 0.098545 0.183325 0.000000
8.850000 0.091969 0.181630 0.000000
8.860000 0.085934 0.179820 0.000000
8.870000 0.080431 0.177928 0.000000
8.880000 0.075445 0.175961 0.000000
8.890000 0.070950 0.173934 0.000000
8.900000 0.066917 0.171867 0.000000
8.910000 0.063308 0.169766 0.000000
8.920000 0.060081 0.167651 0.000000
8.930000 0.057192 0.165527 0.000000
8.940000 0.054593 0.163413 0.000000
8.950000 0.052237 0.161314 0.000000
8.960000 0.050077 0.159248 0.000000
8.970000 0.048067 0.157216 0.000000
8.980000 0.046167 0.155228 0.000000
8.990000 0.044338 0.153291 0.000000
9.000000 0.042547 0.151409 0.000000
9.010000 0.040766 0.149585 0.000000
9.020000 0.038971 0.147822 0.000000
9.030000 0.037148 0.146118 0.000000
9.040000 0.035284 0.144479 0.000000
9.050000 0.033372 0.142903 0.000000
9.060000 0.031410 0.141390 0.000000
9.070000 0.029401 0.139940 0.000000
9.080000 0.027350 0.138551 0.000000
9.090000 0.025265 0.137221 0.000000
9.100000 0.023154 0.135949 0.000000
9.110000 0.021031 0.134732 0.000000
9.120000 0.018906 0.133566 0.000000
9.130000 0.016791 0.132445 0.000000
9.140000 0.014697 0.131366 0.000000
9.150000 0.012636 0.130316 0.000000
9.160000 0.010617 0.129284 0.000000
9.170000 0.008657 0.128301 0.000000
9.180000 0.006770 0.127385 0.000000
9.190000 0.004963 0.126478 0.000000
9.200000 0.003240 0.125584 0.000000
9.210000 0.001574 0.124747 0.000000
9.220000 -0.000150 0.123933 0.000000
9.230000 -0.001520 0.123111 0.000000
9.240000 -0.002947 0.122296 0.000000
9.250000 -0.004297 0.121481 0.000000
9.260000 -0.005567 0.120670 0.000000
9.270000 -0.006756 0.119868 0.000000
9.280000 -0.007860 0.119071 0.000000
9.290000 -0.008881 0.118287 0.000000
9.300000 -0.009821 0.117514 0.000000
9.310000 -0.010677 0.116756 0.000000
9.320000 -0.011448 0.116011 0.000000
9.330000 -0.012143 0.115282 0.000000
9.340000 -0.012758 0.114569 0.000000
9.350000 -0.013302 0.113869 0.000000
9.360000 -0.013773 0.113186 0.000000
9.370000 -0.014172 0.112516 0.000000
9.380000 -0.014510 0.111861 0.000000
9.390000 -0.014788 0.111218 0.000000
9.400000 -0.015006 0.110589 0.000000
9.410000 -0.015172 0.109972 0.000000
9.420000 -0.015288 0.109365 0.000000
9.430000 -0.015355 0.108770 0.000000
9.440000 -0.015381 0.108184 0.000000
9.450000 -0.015366 0.107608 0.000000
9.460000 -0.015316 0.107042 0.000000
9.470000 -0.015232 0.106484 0.000000
9.480000 -0.015121 0.105935 0.000000
9.490000 -0.014980 0.105394 0.000000
9.500000 -0.014811 0.104862 0.000000
9.510000 -0.014624 0.104339 0.000000
9.520000 -0.014415 0.103824 0.000000
9.530000 -0.014192 0.103317 0.000000
9.540000 -0.013951 0.102819 0.000000
9.550000 -0.013698 0.102330 0.000000
9.560000 -0.013431 0.101848 0.000000
9.570000 -0.013156 0.101375 0.000000
9.580000 -0.012875 0.100911 0.000000
9.590000 -0.012582 0.100454 0.000000
9.600000 -0.012286 0.100005 0.000000
9.610000 -0.011989 0.099564 0.000000
9.620000 -0.011682 0.099130 0.000000
9.630000 -0.011376 0.098702 0.000000
9.640000 -0.011070 0.098283 0.000000
9.650000 -0.010763 0.097869 0.000000
9.660000 -0.010459 0.097461 0.000000
9.670000 -0.010152 0.097059 0.000000
9.680000 -0.009843 0.096663 0.000000
9.690000 -0.009545 0.096271 0.000000
9.700000 -0.009242 0.095885 0.000000
9.710000 -0.008947 0.095506 0.000000
9.720000 -0.008649 0.095129 0.000000
9.730000 -0.008362 0.094758 0.000000
9.740000 -0.008073 0.094393 0.000000
9.750000 -0.007792 0.094031 0.000000
9.760000 -0.007517 0.093674 0.000000
9.770000 -0.007240 0.093322 0.000000
9.780000 -0.006973 0.092977 0.000000
9.790000 -0.006712 0.092635 0.000000
9.800000 -0.006453 0.092298 0.000000
9.810000 -0.006202 0.091969 0.000000
9.820000 -0.005959 0.091643 0.000000
9.830000 -0.005720 0.091322 0.000000
9.840000 -0.005482 0.091007 0.000000
9.850000 -0.005255 0.090697 0.000000
9.860000 -0.005039 0.090392 0.000000
9.870000 -0.004812 0.090092 0.000000
9.880000 -0.004610 0.089799 0.000000
9.890000 -0.004397 0.089510 0.000000
9.900000 -0.004197 0.089226 0.000000
9.910000 -0.004004 0.088947 0.000000
9.920000 -0.003817 0.088673 0.000000
9.930000 -0.003644 0.088402 0.000000
9.940000 -0.003462 0.088136 0.000000
9.950000 -0.003296 0.087877 0.000000
9.960000 -0.003126 0.087617 0.000000
9.970000 -0.002973 0.087366 0.000000
9.980000 -0.002827 0.087116 0.000000
9.990000 -0.002682 0.086871 0.000000
10.000000 -0.002534 0.086631 0.000000
10.010000 -0.002389 0.086392 0.000000
10.020000 -0.002257 0.086157 0.000000
10.030000 -0.002154 0.085929 0.000000
10.040000 -0.002007 0.085699 0.000000
10.050000 -0.001915 0.085475 0.000000
10.060000 -0.001777 0.085257 0.000000
10.070000 -0.001678 0.085036 0.000000
10.080000 -0.001600 0.084822 0.000000
10.090000 -0.001479 0.084613 0.000000
10.100000 -0.001375 0.084399 0.000000
10.110000 -0.001281 0.084192 0.000000
10.120000 -0.001193 0.083991 0.000000
10.130000 -0.001111 0.083793 0.000000
10.140000 -0.001033 0.083596 0.000000
10.150000 -0.000963 0.083398 0.000000
10.160000 -0.000907 0.083207 0.000000
10.170000 -0.000872 0.083021 0.000000
10.180000 -0.000789 0.082829 0.000000
10.190000 -0.000696 0.082646 0.000000
10.200000 -0.000626 0.082472 0.000000
10.210000 -0.000594 0.082287 0.000000
10.220000 -0.000608 0.082108 0.000000
10.230000 -0.000506 0.081942 0.000000
10.240000 -0.000418 0.081762 0.000000
10.250000 -0.000382 0.081601 0.000000
10.260000 -0.000406 0.081443 0.000000
10.270000 -0.000415 0.081272 0.000000
10.280000 -0.000305 0.081119 0.000000
10.290000 -0.000220 0.080975 0.000000
10.300000 -0.000168 0.080808 0.000000
10.310000 -0.000150 0.080650 0.000000
10.320000 -0.000148 0.080504 0.000000
10.330000 -0.000139 0.080360 0.000000
10.340000 -0.000109 0.080216 0.000000
10.350000 -0.000052 0.080083 0.000000
10.360000 0.000043 0.079908 0.000000
10.370000 0.000167 0.079793 0.000000
10.380000 0.000334 0.079659 0.000000
10.390000 0.000145 0.079533 0.000000
10.400000 0.000138 0.079416 0.000000
10.410000 0.000245 0.079281 0.000000
10.420000 0.000137 0.079140 0.000000
10.430000 0.000136 0.079027 0.000000
10.440000 0.000325 0.078915 0.000000
10.450000 0.000226 0.078784 0.000000
10.460000 0.000161 0.078674 0.000000
10.470000 0.000163 0.078559 0.000000
10.480000 0.000237 0.078429 0.000000
10.490000 0.000288 0.078319 0.000000
10.500000 0.000060 0.078197 0.000000
10.510000 0.000251 0.078088 0.000000
10.520000 0.000028 0.077980 0.000000
10.530000 -0.000218 0.077844 0.000000
10.540000 -0.000318 0.077778 0.000000
10.550000 0.000324 0.077658 0.000000
10.560000 0.000233 0.077567 0.000000
10.570000 0.000044 0.077460 0.000000
10.580000 0.000253 0.077357 0.000000
10.590000 0.000021 0.077261 0.000000
10.600000 0.000174 0.077158 0.000000
10.610000 0.000217 0.077049 0.000000
10.620000 0.000145 0.076955 0.000000
10.630000 -0.000047 0.076872 0.000000
10.640000 -0.000302 0.076783 0.000000
10.650000 0.000139 0.076689 0.000000
10.660000 0.000049 0.076609 0.000000
10.670000 0.000089 0.076536 0.000000
10.680000 0.000266 0.076459 0.000000
10.690000 0.000078 0.076343 0.000000
10.700000 0.000275 0.076275 0.000000
10.710000 0.000325 0.076201 0.000000
10.720000 -0.000224 0.076107 0.000000
10.730000 0.000032 0.076039 0.000000
10.740000 0.000211 0.075967 0.000000
10.750000 0.000291 0.075895 0.000000
10.760000 0.000205 0.075802 0.000000
10.770000 0.000052 0.075748 0.000000
10.780000 0.000173 0.075673 0.000000
10.790000 0.000219 0.075579 0.000000
10.800000 -0.000084 0.075510 0.000000
10.810000 0.000236 0.075451 0.000000
10.820000 0.000096 0.075391 0.000000
10.830000 0.000150 0.075337 0.000000
10.840000 0.000246 0.075269 0.000000
10.850000 0.000206 0.075196 0.000000
10.860000 -0.000218 0.075132 0.000000
10.870000 -0.000202 0.075074 0.000000
10.880000 0.000234 0.074996 0.000000
10.890000 0.000247 0.074947 0.000000
10.900000 0.000155 0.074885 0.000000
10.910000 0.000308 0.074835 0.000000
10.920000 -0.000270 0.074760 0.000000
10.930000 -0.000024 0.074701 0.000000
10.940000 0.000076 0.074651 0.000000
10.950000 0.000071 0.074603 0.000000
10.960000 0.000164 0.074536 0.000000
10.970000 0.000142 0.074488 0.000000
10.980000 -0.000139 0.074437 0.000000
10.990000 -0.000059 0.074385 0.000000
11.000000 0.000248 0.074324 0.000000
11.010000 0.000089 0.074277 0.000000
11.020000 0.000210 0.074228 0.000000
11.030000 0.000004 0.074171 0.000000
11.040000 -0.000076 0.074124 0.000000
11.050000 -0.000166 0.074073 0.000000
11.060000 0.000105 0.074036 0.000000
11.070000 0.000263 0.073984 0.000000
11.080000 0.000279 0.073942 0.000000
11.090000 -0.000108 0.073888 0.000000
11.100000 -0.000211 0.073841 0.000000
11.110000 -0.000039 0.073805 0.000000
11.120000 0.000204 0.073758 0.000000
11.130000 0.000110 0.073725 0.000000
11.140000 0.000234 0.073678 0.000000
11.150000 -0.000220 0.073632 0.000000
11.160000 -0.000156 0.073596 0.000000
11.170000 0.000288 0.073557 0.000000
11.180000 0.000237 0.073518 0.000000
11.190000 0.000037 0.073478 0.000000
11.200000 -0.000081 0.073438 0.000000
11.210000 -0.000012 0.073401 0.000000
11.220000 -0.000238 0.073367 0.000000
11.230000 0.000073 0.073328 0.000000
11.240000 0.000068 0.073293 0.000000
11.250000 0.000210 0.073257 0.000000
11.260000 -0.000084 0.073222 0.000000
11.270000 -0.000249 0.073190 0.000000
11.280000 0.000273 0.073157 0.000000
11.290000 0.000237 0.073123 0.000000
11.300000 0.000085 0.073089 0.000000
11.310000 -0.000148 0.073055 0.000000
11.320000 -0.000110 0.073022 0.000000
11.330000 -0.000250 0.072992 0.000000
11.340000 0.000099 0.072962 0.000000
11.350000 0.000020 0.072931 0.000000
11.360000 0.000115 0.072900 0.000000
11.370000 0.000202 0.072869 0.000000
11.380000 -0.000247 0.072839 0.000000
11.390000 -0.000131 0.072811 0.000000
11.400000 -0.000019 0.072785 0.000000
11.410000 0.000218 0.072756 0.000000
11.420000 0.000053 0.072725 0.000000
11.430000 0.000239 0.072701 0.000000
11.440000 -0.000198 0.072668 0.000000
11.450000 -0.000221 0.072645 0.000000
11.460000 -0.000146 0.072624 0.000000
