0.0 0 0 0.0
0.1 0 0.022222222222222223 0.0
0.2 0 0.044444444444444446 0.0
0.30000000000000004 0 0.06666666666666668 0.0
0.4 0 0.08888888888888889 0.0
0.5 0 0.1111111111111111 0.0
0.6000000000000001 0 0.13333333333333336 0.0
0.7000000000000001 0 0.15555555555555556 0.0
0.8 0 0.17777777777777778 0.0
0.9 0 0.19999999999999998 0.0
1.0 0 0.2222222222222222 0.0
1.1 0 0.24444444444444446 0.0
1.2000000000000002 0 0.2666666666666667 0.0
1.3 0 0.28888888888888886 0.0
1.4000000000000001 0 0.3111111111111111 0.0
1.5 0 0.3333333333333333 0.0
1.6 0 0.35555555555555557 0.0
1.7000000000000002 0 0.3777777777777778 0.0
1.8 0 0.39999999999999997 0.0
1.9000000000000001 0 0.4222222222222222 0.0
2.0 0 0.4444444444444444 0.0
2.1 0 0.4666666666666667 0.0
2.2 0 0.48888888888888893 0.0
2.3000000000000003 0 0.5111111111111112 0.0
2.4000000000000004 0 0.5333333333333334 0.0
2.5 0 0.5555555555555556 0.0
2.6 0 0.5777777777777777 0.0
2.7 0 0.6 0.0
2.8000000000000003 0 0.6222222222222222 0.0
2.9000000000000004 0 0.6444444444444445 0.0
3.0 0 0.6666666666666666 0.0
3.1 0 0.6888888888888889 0.0
3.2 0 0.7111111111111111 0.0
3.3000000000000003 0 0.7333333333333334 0.0
3.4000000000000004 0 0.7555555555555556 0.0
3.5 0 0.7777777777777777 0.0
3.6 0 0.7999999999999999 0.0
3.7 0 0.8222222222222222 0.0
3.8000000000000003 0 0.8444444444444444 0.0
3.9000000000000004 0 0.8666666666666667 0.0
4.0 0 0.8888888888888888 0.0
4.1000000000000005 0 0.9111111111111112 0.0
4.2 0 0.9333333333333333 0.0
4.3 0 0.9555555555555555 0.0
4.4 0 0.9777777777777779 0.0
4.5 0 1.0 0.0
4.6000000000000005 0 1.0 0.0
4.7 0 1.0 0.0
4.800000000000001 0 1.0 0.0
4.9 0 1.0 0.0
5.0 0 1.0 0.0
5.1000000000000005 0 1.0 0.0
5.2 0 1.0 0.0
5.300000000000001 0 1.0 0.0
5.4 0 1.0 0.0
5.5 0 1.0 0.0
5.6000000000000005 0 1.0 0.0
5.7 0 1.0 0.0
5.800000000000001 0 1.0 0.0
5.9 0 1.0 0.0
6.0 0 1.0 0.0
6.1000000000000005 0 1.0 0.0
6.2 0 1.0 0.0
6.300000000000001 0 1.0 0.0
6.4 0 1.0 0.0
6.5 0 1.0 0.0
6.6000000000000005 0 1.0 0.0
6.7 0 1.0 0.0
6.800000000000001 0 1.0 0.0
6.9 0 1.0 0.0
7.0 0 1.0 0.0
7.1000000000000005 0 1.0 0.0
7.2 0 1.0 0.0
7.300000000000001 0 1.0 0.0
7.4 0 1.0 0.0
7.5 0 1.0 0.0
7.6000000000000005 0 1.0 0.0
7.7 0 1.0 0.0
7.800000000000001 0 1.0 0.0
7.9 0 1.0 0.0
8.0 0 1.0 0.0
8.1 0 1.0 0.0
8.200000000000001 0 1.0 0.0
8.3 0 1.0 0.0
8.4 0 1.0 0.0
8.5 0 1.0 0.0
8.6 0 1.0 0.0
8.700000000000001 0 1.0 0.0
8.8 0 1.0 0.0
8.9 0 1.0 0.0
9.0 0 1.0 0.0
9.1 0 1.0 0.0
9.200000000000001 0 1.0 0.0
9.3 0 1.0 0.0
9.4 0 1.0 0.0
9.5 0 1.0 0.0
9.600000000000001 0 1.0 0.0
9.700000000000001 0 1.0 0.0
9.8 0 1.0 0.0
9.9 0 1.0 0.0
10.0 0 1.0 0.0
10.100000000000001 0 0.7999999999999972 0.0
10.200000000000001 0 0.5999999999999979 0.0
10.3 0 0.3999999999999986 0.0
10.4 0 0.1999999999999993 0.0
10.5 0 0.0 0.0
10.600000000000001 0 0 0.0
10.700000000000001 0 0 0.0
10.8 0 0 0.0
10.9 0 0 0.0
11.0 0 0 0.0
11.100000000000001 0.0488295316208884 0 0.0
11.200000000000001 0.09742117067204632 0 0.0
11.3 0.14553818357243187 0 0.0
11.4 0.19294614907189955 0 0.0
11.5 0.2394141003279681 0 0.0
11.600000000000001 0.2847156501530608 0 0.0
11.700000000000001 0.328630093950124 0 0.0
11.8 0.3709434849632437 0 0.0
11.9 0.41144967660473125 0 0.0
12.0 0.4499513267805774 0 0.0
12.100000000000001 0.48626085932129853 0 0.0
12.200000000000001 0.5202013778341763 0 0.0
12.3 0.5516075275247055 0 0.0
12.4 0.5803263007885292 0 0.0
12.5 0.606217782649107 0 0.0
12.600000000000001 0.6291558324094171 0 0.0
12.700000000000001 0.6490286981967514 0 0.0
12.8 0.6657395614066075 0 0.0
12.9 0.6792070083931976 0 0.0
13.0 0.6893654271085455 0 0.0
13.100000000000001 0.6961653267577913 0 0.0
13.200000000000001 0.699573578913367 0 0.0
13.3 0.699573578913367 0 0.0
13.4 0.6961653267577913 0 0.0
13.5 0.6893654271085455 0 0.0
13.600000000000001 0.6792070083931974 0 0.0
13.700000000000001 0.6657395614066074 0 0.0
13.8 0.649028698196751 0 0.0
13.9 0.6291558324094169 0 0.0
14.0 0.6062177826491071 0 0.0
14.100000000000001 0.5803263007885289 0 0.0
14.200000000000001 0.5516075275247051 0 0.0
14.3 0.5202013778341757 0 0.0
14.4 0.486260859321298 0 0.0
14.5 0.4499513267805776 0 0.0
14.600000000000001 0.4114496766047307 0 0.0
14.700000000000001 0.3709434849632432 0 0.0
14.8 0.3286300939501232 0 0.0
14.9 0.28471565015306 0 0.0
15.0 0.2394141003279682 0 0.0
15.100000000000001 0.19294614907189886 0 0.0
15.200000000000001 0.1455381835724312 0 0.0
15.3 0.09742117067204573 0 0.0
15.4 0.04882953162088755 0 0.0
15.5 8.572527594031472e-17 0 0.0
15.600000000000001 -0.04882953162088831 0 0.0
15.700000000000001 -0.09742117067204617 0 0.0
15.8 -0.14553818357243165 0 0.0
15.9 -0.1929461490718996 0 0.0
16.0 -0.23941410032796803 0 0.0
16.1 -0.2847156501530607 0 0.0
16.2 -0.32863009395012305 0 0.0
16.3 -0.3709434849632436 0 0.0
16.400000000000002 -0.41144967660473186 0 0.0
16.5 -0.4499513267805774 0 0.0
16.6 -0.48626085932129853 0 0.0
16.7 -0.5202013778341755 0 0.0
16.8 -0.5516075275247054 0 0.0
16.900000000000002 -0.5803263007885296 0 0.0
17.0 -0.6062177826491069 0 0.0
17.1 -0.6291558324094171 0 0.0
17.2 -0.6490286981967508 0 0.0
17.3 -0.6657395614066074 0 0.0
17.400000000000002 -0.6792070083931977 0 0.0
17.5 -0.6893654271085455 0 0.0
17.6 -0.6961653267577913 0 0.0
17.7 -0.6995735789133669 0 0.0
17.8 -0.699573578913367 0 0.0
17.900000000000002 -0.6961653267577912 0 0.0
18.0 -0.6893654271085456 0 0.0
18.1 -0.6792070083931974 0 0.0
18.2 -0.6657395614066076 0 0.0
18.3 -0.6490286981967511 0 0.0
18.400000000000002 -0.6291558324094165 0 0.0
18.5 -0.606217782649107 0 0.0
18.6 -0.5803263007885288 0 0.0
18.7 -0.5516075275247057 0 0.0
18.8 -0.5202013778341757 0 0.0
18.900000000000002 -0.48626085932129737 0 0.0
19.0 -0.4499513267805777 0 0.0
19.1 -0.4114496766047308 0 0.0
19.200000000000003 -0.3709434849632425 0 0.0
19.3 -0.32863009395012355 0 0.0
19.400000000000002 -0.2847156501530595 0 0.0
19.5 -0.2394141003279686 0 0.0
19.6 -0.19294614907189925 0 0.0
19.700000000000003 -0.14553818357243067 0 0.0
19.8 -0.09742117067204549 0 0.0
19.900000000000002 -0.048829531620886706 0 0.0
20.0 -1.7145055188062944e-16 0 0.0
