time,x,y
  0.0000000000000000e+00,  0.0000000000000000e+00,  0.0000000000000000e+00
  9.9999999999999672e-03, -3.7204946828850449e-05, -5.6870475305759308e-08
  2.0000000000000059e-02, -1.2343150262036917e-04,  2.3109601998833391e-07
  3.0000000000000346e-02, -2.2500911346966246e-04,  1.5735444934102867e-06
  4.0000000000000632e-02, -3.2388939984218101e-04,  3.5198199956858887e-06
  5.0000000000000919e-02, -4.1016442121084157e-04,  5.3495406304315349e-06
  6.0000000000001205e-02, -4.7851339518763247e-04,  6.3960839471874051e-06
  7.0000000000000451e-02, -5.2622405082323326e-04,  6.2124955108810102e-06
  7.9999999999999349e-02, -5.5213824498138303e-04,  4.6139574913190446e-06
  8.9999999999998248e-02, -5.5633966645735750e-04,  1.6563450721721045e-06
  9.9999999999997147e-02, -5.4016204209134111e-04, -2.4109384909591756e-06
  1.0999999999999605e-01, -5.0630119338408025e-04, -7.2020976764725399e-06
  1.1999999999999494e-01, -4.5877760179220684e-04, -1.2270197023372853e-05
  1.2999999999999384e-01, -4.0234673340840826e-04, -1.7167123019714661e-05
  1.3999999999999274e-01, -3.4194789498474820e-04, -2.1495253772351288e-05
  1.4999999999999164e-01, -2.8223659479726521e-04, -2.4940043158515842e-05
  1.5999999999999054e-01, -2.2722284318533320e-04, -2.7284787353047796e-05
  1.6999999999998944e-01, -1.8002413937481809e-04, -2.8415240448748353e-05
  1.7999999999998834e-01, -1.4273851369485391e-04, -2.8315585446127641e-05
  1.8999999999998723e-01, -1.1642917700728506e-04, -2.7056202314105833e-05
  1.9999999999998613e-01, -1.0120353312484398e-04, -2.4776276297347124e-05
  2.0999999999998503e-01, -9.6364436010236421e-05, -2.1664018522255389e-05
  2.1999999999998393e-01, -1.0060529148883668e-04, -1.7937956545207139e-05
  2.2999999999998283e-01, -1.1222213992813368e-04, -1.3828366755300753e-05
  2.3999999999998173e-01, -1.2933126584636218e-04, -9.5583956064925846e-06
  2.4999999999998063e-01, -1.5006101267589500e-04, -5.3284832387353824e-06
  2.5999999999997953e-01, -1.7270086740103080e-04, -1.3075239513061761e-06
  2.6999999999997842e-01, -1.9580478298094478e-04,  2.3726274559978710e-06
  2.7999999999997732e-01, -2.1824942199491493e-04,  5.6190185029937817e-06
  2.8999999999997622e-01, -2.3925215631930008e-04,  8.3763531211618676e-06
  2.9999999999997512e-01, -2.5835578928052466e-04,  1.0623359943747157e-05
  3.0999999999997402e-01, -2.7538812574174482e-04,  1.2367542951879043e-05
  3.1999999999997292e-01, -2.9040489657791019e-04,  1.3639065734527425e-05
  3.2999999999997182e-01, -3.0362453788153332e-04,  1.4484338584118877e-05
  3.3999999999997071e-01, -3.1536212491156679e-04,  1.4959794213855711e-05
  3.4999999999996961e-01, -3.2596810423490830e-04,  1.5126222208410311e-05
  3.5999999999996851e-01, -3.3577674308882255e-04,  1.5044155120344623e-05
  3.6999999999996741e-01, -3.4506723037837361e-04,  1.4770388913037924e-05
  3.7999999999996631e-01, -3.5403809129998937e-04,  1.4355677430725508e-05
  3.8999999999996521e-01, -3.6279461436183186e-04,  1.3843216422026462e-05
  3.9999999999996411e-01, -3.7134990594508283e-04,  1.3268159404843623e-05
  4.0999999999996301e-01, -3.7963562720082222e-04,  1.2658324938455879e-05
  4.1999999999996190e-01, -3.8751856104761451e-04,  1.2035162847062655e-05
  4.2999999999996080e-01, -3.9482020787048877e-04,  1.1414833070243470e-05
  4.3999999999995970e-01, -4.0133746406480209e-04,  1.0809482447319105e-05
  4.4999999999995860e-01, -4.0686118309767039e-04,  1.0228631810084307e-05
  4.5999999999995750e-01, -4.1119201468947653e-04,  9.6796546965498894e-06
  4.6999999999995640e-01, -4.1415396586953063e-04,  9.1681421752080158e-06
  4.7999999999995530e-01, -4.1560452137470727e-04,  8.6981544359486760e-06
  4.8999999999995419e-01, -4.1544081942702926e-04,  8.2722971176304254e-06
  4.9999999999995309e-01, -4.1360203455494127e-04,  7.8915577506475620e-06
  5.0999999999995205e-01, -4.1006766466734901e-04,  7.5451831284313828e-06
  5.1999999999995095e-01, -4.0485402894773620e-04,  7.1876354294094152e-06
  5.2999999999994984e-01, -3.9801725659995013e-04,  6.7723201051401678e-06
  5.3999999999994874e-01, -3.8964637110117106e-04,  6.2593960471329184e-06
  5.4999999999994764e-01, -3.7985433939657226e-04,  5.6146355705203438e-06
  5.5999999999994654e-01, -3.6876962718889600e-04,  4.8088832072689241e-06
  5.6999999999994544e-01, -3.5652849646305995e-04,  3.8156190552009447e-06
  5.7999999999994434e-01, -3.4326781516293148e-04,  2.6150475761673396e-06
  5.8999999999994324e-01, -3.2911748438951144e-04,  1.1941306980614867e-06
  5.9999999999994214e-01, -3.1419570986395556e-04, -4.5511415261865696e-07
  6.0999999999994103e-01, -2.9860580569109757e-04, -2.3359423703155788e-06
  6.1999999999993993e-01, -2.8243435276515544e-04, -4.4472336123065064e-06
  6.2999999999993883e-01, -2.6575073025486562e-04, -6.7838727921820019e-06
  6.3999999999993773e-01, -2.4860786726983719e-04, -9.3371373604030360e-06
  6.4999999999993663e-01, -2.3104393143690699e-04, -1.2095075433078048e-05
  6.5999999999993553e-01, -2.1308459862985629e-04, -1.5042873545063492e-05
  6.6999999999993443e-01, -1.9474553588533228e-04, -1.8163222981978959e-05
  6.7999999999993332e-01, -1.7603476811949015e-04, -2.1436697475175301e-05
  6.8999999999993222e-01, -1.5695467256691270e-04, -2.4842152922752966e-05
  6.9999999999993112e-01, -1.3750343532134557e-04, -2.8357154323674455e-05
  7.0999999999993002e-01, -1.1767589625739927e-04, -3.1958428417464666e-05
  7.1999999999992892e-01, -9.7463790167763575e-05, -3.5622334327608579e-05
  7.2999999999992782e-01, -7.6855455784383131e-05, -3.9325339937083901e-05
  7.3999999999992672e-01, -5.5835182708831310e-05, -4.3049751143903154e-05
  7.4999999999992562e-01, -3.4382834819851604e-05, -4.6802058608341450e-05
  7.5999999999992451e-01, -1.2473063215528990e-05, -5.0593343999336512e-05
  7.6999999999992341e-01,  9.9265791337899145e-06, -5.4432842483113874e-05
  7.7999999999992231e-01,  3.2857888421437831e-05, -5.8328640654660169e-05
  7.8999999999992121e-01,  5.6374393637412257e-05, -6.2287946397066274e-05
  7.9999999999992011e-01,  8.0543727256153497e-05, -6.6317223428513831e-05
  8.0999999999991901e-01,  1.0544986492718594e-04, -7.0422349291611366e-05
  8.1999999999991791e-01,  1.3119514836331531e-04, -7.4608853283114591e-05
  8.2999999999991680e-01,  1.5790204497513616e-04, -7.8882225122276419e-05
  8.3999999999991570e-01,  1.8571464832097678e-04, -8.3248247195213558e-05
  8.4999999999991460e-01,  2.1479996819535191e-04, -8.7713297634709703e-05
  8.5999999999991350e-01,  2.4534907291219599e-04, -9.2284591316755922e-05
  8.6999999999991240e-01,  2.7757813875909504e-04, -9.6970348223212379e-05
  8.7999999999991130e-01,  3.1172945871654062e-04, -1.0177989349542876e-04
  8.8999999999991020e-01,  3.4807246604052350e-04, -1.0672370374320941e-04
  8.9999999999990909e-01,  3.8690482703445522e-04, -1.1181341565981887e-04
  9.0999999999990799e-01,  4.2855373882394465e-04, -1.1706197977648504e-04
  9.1999999999990689e-01,  4.7337751963092561e-04, -1.2248347064214841e-04
  9.2999999999990579e-01,  5.2176636615617472e-04, -1.2809261065566924e-04
  9.3999999999990469e-01,  5.7414410712015862e-04, -1.3390516172665355e-04
  9.4999999999990359e-01,  6.3097026699573261e-04, -1.3993780667690287e-04
  9.5999999999990249e-01,  6.9274209730034453e-04, -1.4620802002526578e-04
  9.6999999999990139e-01,  7.5999676178571673e-04, -1.5273394423643622e-04
  9.7999999999990028e-01,  8.3331365242073768e-04, -1.5953426680291293e-04
  9.8999999999989918e-01,  9.1331680733220538e-04, -1.6662809537216326e-04
  9.9999999999989808e-01,  1.0006774044518038e-03, -1.7403482981762308e-04
  1.0099999999999192e+00,  1.0961163103141922e-03, -1.8177403241299554e-04
  1.0199999999999403e+00,  1.2004066702404545e-03, -1.8986529895158655e-04
  1.0299999999999614e+00,  1.3143765326381063e-03, -1.9832813488915229e-04
  1.0399999999999825e+00,  1.4389115057028556e-03, -2.0718184101137374e-04
  1.0500000000000036e+00,  1.5749574489372226e-03, -2.1644541301550402e-04
  1.0600000000000247e+00,  1.7235232047060067e-03, -2.2613745894745047e-04
  1.0700000000000458e+00,  1.8856833764419184e-03, -2.3627613761265686e-04
  1.0800000000000669e+00,  2.0625811604247854e-03, -2.4687912035536416e-04
  1.0900000000000880e+00,  2.2554312374692340e-03, -2.5796357732686779e-04
  1.1000000000001091e+00,  2.4655227295763138e-03, -2.6954618867851602e-04
  1.1100000000001302e+00,  2.6942222441434099e-03, -2.8164320296966277e-04
  1.1200000000001513e+00,  2.9429770898869098e-03, -2.9427048592639018e-04
  1.1300000000001724e+00,  3.2133182501259822e-03, -3.0744350355864922e-04
  1.1400000000001935e+00,  3.5068635292100844e-03, -3.2117751088302790e-04
  1.1500000000002146e+00,  3.8253208960581028e-03, -3.3548766326054098e-04
  1.1600000000002357e+00,  4.1704918657397630e-03, -3.5038913526267400e-04
  1.1700000000002568e+00,  4.5442749249496872e-03, -3.6589724910159093e-04
  1.1800000000002779e+00,  4.9486690042751455e-03, -3.8202760774316651e-04
  1.1900000000002990e+00,  5.3857769947368433e-03, -3.9879622764267688e-04
  1.2000000000003201e+00,  5.8578093023112510e-03, -4.1621966647055421e-04
  1.2100000000003412e+00,  6.3670874322631632e-03, -4.3431514174533791e-04
  1.2200000000003624e+00,  6.9160475949944233e-03, -4.5310063656894036e-04
  1.2300000000003835e+00,  7.5072443258298593e-03, -4.7259499001676628e-04
  1.2400000000004046e+00,  8.1433541124951644e-03, -4.9281796943679462e-04
  1.2500000000004257e+00,  8.8271790252144600e-03, -5.1379032336410033e-04
  1.2600000000004468e+00,  9.5616503454155483e-03, -5.3553381346129727e-04
  1.2700000000004679e+00,  1.0349832189600408e-02, -5.5807122509114054e-04
  1.2800000000004890e+00,  1.1194925125208602e-02, -5.8142635601870140e-04
  1.2900000000005101e+00,  1.2100269775173679e-02, -6.0562398350776721e-04
  1.3000000000005312e+00,  1.3069350407533195e-02, -6.3068981034772841e-04
  1.3100000000005523e+00,  1.4105798506350943e-02, -6.5665039212114311e-04
  1.3200000000005734e+00,  1.5213396314452558e-02, -6.8353309778003857e-04
  1.3300000000005945e+00,  1.6396080151770347e-02, -7.1136623273149830e-04
  1.3400000000006156e+00,  1.7657942976657265e-02, -7.4017923126982782e-04
  1.3500000000006367e+00,  1.9003235714049799e-02, -7.7004426786740805e-04
  1.3600000000006578e+00,  2.0436374705214769e-02, -8.0124533479251437e-04
  1.3700000000006789e+00,  2.1961988734155405e-02, -8.3413877925238560e-04
  1.3800000000007000e+00,  2.3585004034364039e-02, -8.6909837960929496e-04
  1.3900000000007211e+00,  2.5310748465648777e-02, -9.0651030559389450e-04
  1.4000000000007422e+00,  2.7145065931859245e-02, -9.4672970848345885e-04
  1.4100000000007633e+00,  2.9094425878074509e-02, -9.9012452502820060e-04
  1.4200000000007844e+00,  3.1166025515337120e-02, -1.0370763111797957e-03
  1.4300000000008055e+00,  3.3367884560463232e-02, -1.0879243133242826e-03
  1.4400000000008266e+00,  3.5708920878384391e-02, -1.1430154868789677e-03
  1.4500000000008477e+00,  3.8199011880556924e-02, -1.2026734805994825e-03
  1.4600000000008688e+00,  4.0849043227308125e-02, -1.2671916147260244e-03
  1.4700000000008899e+00,  4.3670945020835815e-02, -1.3368344880010173e-03
  1.4800000000009110e+00,  4.6677722165907674e-02, -1.4117974222974227e-03
  1.4900000000009321e+00,  4.9883476630896456e-02, -1.4922329373179364e-03
  1.5000000000009532e+00,  5.3303433535179336e-02, -1.5782208271086172e-03
  1.5100000000009743e+00,  5.6953968997363560e-02, -1.6697543438817367e-03
  1.5200000000009954e+00,  6.0852624147793105e-02, -1.7666582098474892e-03
  1.5300000000010165e+00,  6.5018069148980312e-02, -1.8686865033129124e-03
  1.5400000000010376e+00,  6.9470007125581129e-02, -1.9755594551284410e-03
  1.5500000000010588e+00,  7.4229016425275768e-02, -2.0869624718514845e-03
  1.5600000000010799e+00,  7.9316356943603269e-02, -2.2025431746215745e-03
  1.5700000000011010e+00,  8.4753762626056162e-02, -2.3218862332680472e-03
  1.5800000000011221e+00,  9.0563229554602276e-02, -2.4445177921800128e-03
  1.5900000000011432e+00,  9.6766808346396727e-02, -2.5698913634991092e-03
  1.6000000000011643e+00,  1.0338640722359098e-01, -2.6973820733609353e-03
  1.6100000000011854e+00,  1.1044360808254791e-01, -2.8262662584379156e-03
  1.6200000000012065e+00,  1.1795948698152706e-01, -2.9557000372153453e-03
  1.6300000000012276e+00,  1.2595440896952451e-01, -3.0846912466532834e-03
  1.6400000000012487e+00,  1.3444782086516946e-01, -3.2120717223192968e-03
  1.6500000000012698e+00,  1.4345806524506988e-01, -3.3365043329827127e-03
  1.6600000000012909e+00,  1.5300218894307616e-01, -3.4564683279343436e-03
  1.6700000000013120e+00,  1.6309577965276464e-01, -3.5702535366365284e-03
  1.6800000000013331e+00,  1.7375281584275853e-01, -3.6759684008407924e-03
  1.6900000000013542e+00,  1.8498552531204143e-01, -3.7715463364915553e-03
  1.7000000000013753e+00,  1.9680425469520024e-01, -3.8547714432492566e-03
  1.7100000000013964e+00,  2.0921735101427316e-01, -3.9233245999780912e-03
  1.7200000000014175e+00,  2.2223105841857493e-01, -3.9748356453407309e-03
  1.7300000000014386e+00,  2.3584943496718189e-01, -4.0069509310054780e-03
  1.7400000000014597e+00,  2.5007429946923782e-01, -4.0174099195640798e-03
  1.7500000000014808e+00,  2.6490522499592523e-01, -4.0041345640659930e-03
  1.7600000000015019e+00,  2.8033960290038634e-01, -3.9653264232306622e-03
  1.7700000000015230e+00,  2.9637280377886455e-01, -3.8995627375953087e-03
  1.7800000000015441e+00,  3.1299845421535910e-01, -3.8058813745736127e-03
  1.7900000000015652e+00,  3.3020882891119197e-01, -3.6838442546921735e-03
  1.8000000000015863e+00,  3.4799533183467679e-01, -3.5335714439634113e-03
  1.8100000000016074e+00,  3.6634901747795351e-01, -3.3557427456126776e-03
  1.8200000000016285e+00,  3.8526109289518184e-01, -3.1514699658228961e-03
  1.8300000000016496e+00,  4.0472330276525309e-01, -2.9217743862863426e-03
  1.8400000000016707e+00,  4.2472792804423948e-01, -2.6680649360420611e-03
  1.8500000000016918e+00,  4.4526736033068659e-01, -2.3922242362118705e-03
  1.8600000000017129e+00,  4.6633404279777879e-01, -2.0965171963628357e-03
  1.8700000000017341e+00,  4.8792066725788719e-01, -1.7834663486712022e-03
  1.8800000000017552e+00,  5.1002041937108611e-01, -1.4557520740043472e-03
  1.8900000000017763e+00,  5.3262719433088834e-01, -1.1160075462514222e-03
  1.9000000000017974e+00,  5.5573564300741141e-01, -7.6654072119475888e-04
  1.9100000000018185e+00,  5.7934115410061948e-01, -4.0979324756287502e-04
  1.9200000000018396e+00,  6.0343985489787078e-01, -4.8284642537392217e-05
  1.9300000000018607e+00,  6.2802861987279202e-01,  3.1554074800593628e-04
  1.9400000000018818e+00,  6.5310507413915009e-01,  6.7940886494923837e-04
  1.9500000000019029e+00,  6.7866757888144669e-01,  1.0412659185620645e-03
  1.9600000000019240e+00,  7.0471519328618559e-01,  1.3992979978220792e-03
  1.9700000000019451e+00,  7.3124761428452245e-01,  1.7519330213263216e-03
  1.9800000000019662e+00,  7.5826510031648608e-01,  2.0978341469252565e-03
  1.9900000000019873e+00,  7.8576838788340531e-01,  2.4358901116104097e-03
  2.0000000000020082e+00,  8.1375860999548266e-01,  2.7652050822210266e-03
  2.0100000000019849e+00,  8.4223722431143411e-01,  3.0850887177444357e-03
  2.0200000000019616e+00,  8.7120595652876032e-01,  3.3950461652169578e-03
  2.0300000000019383e+00,  9.0066676210006413e-01,  3.6947674260111169e-03
  2.0400000000019149e+00,  9.3062179982199511e-01,  3.9841172056743358e-03
  2.0500000000018916e+00,  9.6107336106582120e-01,  4.2631299378201185e-03
  2.0600000000018683e+00,  9.9202384219368855e-01,  4.5319925373119860e-03
  2.0700000000018450e+00,  1.0234758126144714e+00,  4.7910260356972744e-03
  2.0800000000018217e+00,  1.0554321057226324e+00,  5.0406702917711573e-03
  2.0900000000017984e+00,  1.0878959171357363e+00,  5.2814707094529217e-03
  2.1000000000017751e+00,  1.1208709027480059e+00,  5.5140680823411604e-03
  2.1100000000017518e+00,  1.1543612715276452e+00,  5.7391931017169093e-03
  2.1200000000017285e+00,  1.1883718692952954e+00,  5.9576675657828015e-03
  2.1300000000017052e+00,  1.2229082488651559e+00,  6.1704153174503779e-03
  2.1400000000016819e+00,  1.2579767170558038e+00,  6.3784880972649382e-03
  2.1500000000016586e+00,  1.2935843365310893e+00,  6.5831162447075016e-03
  2.1600000000016353e+00,  1.3297388328081123e+00,  6.7858048891141247e-03
  2.1700000000016120e+00,  1.3664482996588074e+00,  6.9885217485372887e-03
  2.1800000000015887e+00,  1.4037198729972986e+00,  7.1940860219437772e-03
  2.1900000000015654e+00,  1.4415532216527132e+00,  7.4065686356913135e-03
  2.2000000000015421e+00,  1.4799344006810897e+00,  7.6304779878966127e-03
  2.2100000000015187e+00,  1.5188379364644373e+00,  7.8692594152451265e-03
  2.2200000000014954e+00,  1.5582327391832373e+00,  8.1249140082051106e-03
  2.2300000000014721e+00,  1.5980866151393611e+00,  8.3987084733319860e-03
  2.2400000000014488e+00,  1.6383681866449931e+00,  8.6915655630520720e-03
  2.2500000000014255e+00,  1.6790492783633728e+00,  9.0039887714219898e-03
  2.2600000000014022e+00,  1.7201057534501476e+00,  9.3360266233713605e-03
  2.2700000000013789e+00,  1.7615180677020015e+00,  9.6872009456095871e-03
  2.2800000000013556e+00,  1.8032714777467176e+00,  1.0056566992391890e-02
  2.2900000000013323e+00,  1.8453552906846173e+00,  1.0442823293411781e-02
  2.3000000000013090e+00,  1.8877622298111469e+00,  1.0844570697404838e-02
  2.3100000000012857e+00,  1.9304877785120238e+00,  1.1260383012413111e-02
  2.3200000000012624e+00,  1.9735294857687553e+00,  1.1688665036597793e-02
  2.3300000000012391e+00,  2.0168862805444840e+00,  1.2127750665965133e-02
  2.3400000000012158e+00,  2.0605578573847123e+00,  1.2576005734534181e-02
  2.3500000000011925e+00,  2.1045431893495521e+00,  1.3032230911094490e-02
  2.3600000000011692e+00,  2.1488376080352976e+00,  1.3495701886072374e-02
  2.3700000000011459e+00,  2.1934327374233251e+00,  1.3965811069619076e-02
  2.3800000000011226e+00,  2.2383173472587541e+00,  1.4442073978078127e-02
  2.3900000000010992e+00,  2.2834781296564803e+00,  1.4924113947222133e-02
  2.4000000000010759e+00,  2.3289004463044978e+00,  1.5411627884564663e-02
  2.4100000000010526e+00,  2.3745690232104755e+00,  1.5904344913095798e-02
  2.4200000000010293e+00,  2.4204685321568862e+00,  1.6401985688692521e-02
  2.4300000000010060e+00,  2.4665840424690293e+00,  1.6904232595280247e-02
  2.4400000000009827e+00,  2.5129015353165607e+00,  1.7410730694855655e-02
  2.4500000000009594e+00,  2.5594081956407324e+00,  1.7921076960776793e-02
  2.4600000000009361e+00,  2.6060925106345292e+00,  1.8434807717021773e-02
  2.4700000000009128e+00,  2.6529443264776420e+00,  1.8951414580988417e-02
  2.4800000000008895e+00,  2.6999547905855770e+00,  1.9470357460106801e-02
  2.4900000000008662e+00,  2.7471161970249312e+00,  1.9991066532157313e-02
  2.5000000000008429e+00,  2.7944218493299449e+00,  2.0512950079123120e-02
  2.5100000000008196e+00,  2.8418659258362586e+00,  2.1035405703251478e-02
  2.5200000000007963e+00,  2.8894433394929280e+00,  2.1557831640584009e-02
  2.5300000000007730e+00,  2.9371496010776856e+00,  2.2079637362266431e-02
  2.5400000000007497e+00,  2.9849806937876138e+00,  2.2600253024635600e-02
  2.5500000000007264e+00,  3.0329329641926903e+00,  2.3119137439768716e-02
  2.5600000000007030e+00,  3.0810030320148192e+00,  2.3635784386437302e-02
  2.5700000000006797e+00,  3.1291877192367821e+00,  2.4149727237706378e-02
  2.5800000000006564e+00,  3.1776392659197423e+00,  2.4582550461048083e-02
  2.5900000000006331e+00,  3.2267132038562858e+00,  2.4971283037904135e-02
  2.6000000000006098e+00,  3.2764813999388829e+00,  2.5344608997051953e-02
  2.6100000000005865e+00,  3.3269960440316217e+00,  2.5700035527397726e-02
  2.6200000000005632e+00,  3.3782946537125955e+00,  2.6037308824615638e-02
  2.6300000000005399e+00,  3.4303976764393913e+00,  2.6357306115937101e-02
  2.6400000000005166e+00,  3.4832964799132120e+00,  2.6661939531480727e-02
  2.6500000000004933e+00,  3.5369451437492088e+00,  2.6954970468054101e-02
  2.6600000000004700e+00,  3.5912665582719145e+00,  2.7242026709446414e-02
  2.6700000000004467e+00,  3.6461671030747960e+00,  2.7529427625483896e-02
  2.6800000000004234e+00,  3.7015519059488962e+00,  2.7823118667263731e-02
  2.6900000000004001e+00,  3.7573367982908881e+00,  2.8127956649045542e-02
  2.7000000000003768e+00,  3.8134575088290004e+00,  2.8447306855071686e-02
  2.7100000000003535e+00,  3.8698725747316938e+00,  2.8783228533097185e-02
  2.7200000000003302e+00,  3.9265603438414649e+00,  2.9136838200083039e-02
  2.7300000000003068e+00,  3.9835137818860011e+00,  2.9508601284893760e-02
  2.7400000000002835e+00,  4.0407371305002151e+00,  2.9898510177792270e-02
  2.7500000000002602e+00,  4.0982406155044400e+00,  3.0306181579172985e-02
  2.7600000000002369e+00,  4.1560372610548431e+00,  3.0731019887419678e-02
  2.7700000000002136e+00,  4.2141405322076961e+00,  3.1172307135948062e-02
  2.7800000000001903e+00,  4.2725625977032013e+00,  3.1629284173208719e-02
  2.7900000000001670e+00,  4.3313132803483985e+00,  3.2101210103015532e-02
  2.8000000000001437e+00,  4.3903995771229596e+00,  3.2587399168682273e-02
  2.8100000000001204e+00,  4.4498256170806201e+00,  3.3087237187044802e-02
  2.8200000000000971e+00,  4.5095929299616371e+00,  3.3600181619539614e-02
  2.8300000000000738e+00,  4.5697009084102689e+00,  3.4125750461158975e-02
  2.8400000000000505e+00,  4.6301473605172223e+00,  3.4663505236544906e-02
  2.8500000000000272e+00,  4.6909290677357527e+00,  3.5213032650324293e-02
  2.8600000000000039e+00,  4.7520422854446602e+00,  3.5773928198050808e-02
  2.8699999999999806e+00,  4.8134831472486077e+00,  3.6345783689979774e-02
  2.8799999999999573e+00,  4.8752479564555671e+00,  3.6928179448446147e-02
  2.8899999999999340e+00,  4.9373333664160430e+00,  3.7520681046701372e-02
  2.8999999999999106e+00,  4.9997364640783548e+00,  3.8122839886920237e-02
  2.9099999999998873e+00,  5.0624547780550300e+00,  3.8734196633338859e-02
  2.9199999999998640e+00,  5.1254862345556491e+00,  3.9354286457753726e-02
  2.9299999999998407e+00,  5.1888290830671187e+00,  3.9982645146296882e-02
  2.9399999999998174e+00,  5.2524818100511599e+00,  4.0618815292718255e-02
  2.9499999999997941e+00,  5.3164430543652577e+00,  4.1262352012393901e-02
  2.9599999999997708e+00,  5.3807115334722093e+00,  4.1912827816639936e-02
  2.9699999999997475e+00,  5.4452859853527142e+00,  4.2569836467631739e-02
  2.9799999999997242e+00,  5.5101651276838686e+00,  4.3232995777073263e-02
  2.9899999999997009e+00,  5.5753476334056113e+00,  4.3901949414937913e-02
  2.9999999999996776e+00,  5.6408321202398213e+00,  4.4576367858696467e-02
  3.0099999999996543e+00,  5.7066171509393309e+00,  4.5255948644611847e-02
  3.0199999999996310e+00,  5.7727012408657385e+00,  4.5940416088278702e-02
  3.0299999999996077e+00,  5.8390828697520645e+00,  4.6629520628207854e-02
  3.0399999999995844e+00,  5.9057604950319993e+00,  4.7323037922748869e-02
  3.0499999999995611e+00,  5.9727325647685543e+00,  4.8020767801834931e-02
  3.0599999999995378e+00,  6.0399975288795904e+00,  4.8722533146122689e-02
  3.0699999999995145e+00,  6.1075538479570390e+00,  4.9428178740406281e-02
  3.0799999999994911e+00,  6.1753999994646458e+00,  5.0137570127188467e-02
  3.0899999999994678e+00,  6.2435344814561544e+00,  5.0850592471046174e-02
  3.0999999999994445e+00,  6.3119558141836345e+00,  5.1567149434390100e-02
  3.1099999999994212e+00,  6.3806625400801300e+00,  5.2287162060027488e-02
  3.1199999999993979e+00,  6.4496532226246774e+00,  5.3010567654250725e-02
  3.1299999999993746e+00,  6.5189264445579651e+00,  5.3737318665157068e-02
  3.1399999999993513e+00,  6.5884808058377518e+00,  5.4467381553226848e-02
  3.1499999999993280e+00,  6.6583149216262667e+00,  5.5200735654379239e-02
  3.1599999999993047e+00,  6.7284274205037926e+00,  5.5937372038564553e-02
  3.1699999999992814e+00,  6.7988169430145025e+00,  5.6677292369841349e-02
  3.1799999999992581e+00,  6.8694821405791497e+00,  5.7420507775337477e-02
  3.1899999999992348e+00,  6.9404216747573084e+00,  5.8167037731886126e-02
  3.1999999999992115e+00,  7.0116342168083712e+00,  5.8916908979412985e-02
  3.2099999999991882e+00,  7.0831184474838942e+00,  5.9670154469625154e-02
  3.2199999999991649e+00,  7.1548730569800689e+00,  6.0426812358124776e-02
  3.2299999999991416e+00,  7.2268967449845469e+00,  6.1186925046558593e-02
  3.2399999999991183e+00,  7.2991882181719570e+00,  6.1950538702730533e-02
  3.2499999999990949e+00,  7.3717461534281226e+00,  6.2717706221037964e-02
  3.2599999999990716e+00,  7.4445691581521816e+00,  6.3488487107100269e-02
  3.2699999999990483e+00,  7.5176557781849906e+00,  6.4262944326802060e-02
  3.2799999999990250e+00,  7.5910045157242987e+00,  6.5041142077402178e-02
  3.2899999999990017e+00,  7.6646138485375994e+00,  6.5823144036473047e-02
  3.2999999999989784e+00,  7.7384822478304294e+00,  6.6609011955061997e-02
  3.3099999999989551e+00,  7.8126081931279705e+00,  6.7398804542243507e-02
  3.3199999999989318e+00,  7.8869901833980292e+00,  6.8192576618025247e-02
  3.3299999999989085e+00,  7.9616267443223485e+00,  6.8990378515450188e-02
  3.3399999999988852e+00,  8.0365164320934817e+00,  6.9792255706168690e-02
  3.3499999999988619e+00,  8.1116578343880583e+00,  7.0598248616339426e-02
  3.3599999999988386e+00,  8.1870495692774341e+00,  7.1408392596210582e-02
  3.3699999999988153e+00,  8.2626902828233231e+00,  7.2222718002024330e-02
  3.3799999999987920e+00,  8.3385786460128966e+00,  7.3041250356236320e-02
  3.3899999999987687e+00,  8.4147133515505548e+00,  7.3864010558442356e-02
  3.3999999999987454e+00,  8.4910931108728978e+00,  7.4691015124614707e-02
  3.4099999999987221e+00,  8.5677166516114927e+00,  7.5522276439004998e-02
  3.4199999999986987e+00,  8.6445827156063544e+00,  7.6357803008653441e-02
  3.4299999999986754e+00,  8.7216900574807852e+00,  7.7197599715271265e-02
  3.4399999999986521e+00,  8.7990374437236856e+00,  7.8041668062391323e-02
  3.4499999999986288e+00,  8.8766236521887460e+00,  7.8890006417617980e-02
  3.4599999999986055e+00,  8.9544474719043379e+00,  7.9742610250895074e-02
  3.4699999999985822e+00,  9.0325077030899212e+00,  8.0599472369825703e-02
  3.4799999999985589e+00,  9.1108031572864103e+00,  8.1460583152868540e-02
  3.4899999999985356e+00,  9.1893326575271246e+00,  8.2325930780716747e-02
  3.4999999999985123e+00,  9.2680950384957423e+00,  8.3195501465607571e-02
  3.5099999999984890e+00,  9.3470891466378525e+00,  8.4069279677764452e-02
  3.5199999999984657e+00,  9.4263138402090263e+00,  8.4947248367837805e-02
  3.5299999999984424e+00,  9.5057679892558156e+00,  8.5829389183888605e-02
  3.5399999999984191e+00,  9.5854504755348238e+00,  8.6715682681391140e-02
  3.5499999999983958e+00,  9.6653601923806232e+00,  8.7606108524687878e-02
  3.5599999999983725e+00,  9.7454960445357734e+00,  8.8500645678470505e-02
  3.5699999999983492e+00,  9.8258569479563462e+00,  8.9399272587964873e-02
  3.5799999999983259e+00,  9.9064418296052210e+00,  9.0301967346876344e-02
  3.5899999999983025e+00,  9.9872496272430542e+00,  9.1208707852360904e-02
  3.5999999999982792e+00,  1.0068279289224254e+01,  9.2119471946578366e-02
  3.6099999999982559e+00,  1.0149529774302712e+01,  9.3034237544601397e-02
  3.6199999999982326e+00,  1.0231000051449639e+01,  9.3952982748817540e-02
  3.6299999999982093e+00,  1.0312689099684091e+01,  9.4875685949954519e-02
  3.6399999999981860e+00,  1.0394595907915335e+01,  9.5802325915200867e-02
  3.6499999999981627e+00,  1.0476719474795335e+01,  9.6732881863938330e-02
  3.6599999999981394e+00,  1.0559058808579531e+01,  9.7667333531549425e-02
  3.6699999999981161e+00,  1.0641612926993803e+01,  9.8605661222041285e-02
  3.6799999999980928e+00,  1.0724380857105938e+01,  9.9547845850104788e-02
  3.6899999999980695e+00,  1.0807361635200332e+01,  1.0049386897337294e-01
  3.6999999999980462e+00,  1.0890554306654751e+01,  1.0144371281556964e-01
  3.7099999999980229e+00,  1.0973957925818514e+01,  1.0239736028137099e-01
  3.7199999999979996e+00,  1.1057571555891505e+01,  1.0335479496372245e-01
  3.7299999999979763e+00,  1.1141394268803868e+01,  1.0431600114432747e-01
  3.7399999999979530e+00,  1.1225425145096278e+01,  1.0528096378800719e-01
  3.7499999999979297e+00,  1.1309663273800851e+01,  1.0624966853154429e-01
  3.7599999999979064e+00,  1.1394107752322885e+01,  1.0722210166768642e-01
  3.7699999999978830e+00,  1.1478757686323629e+01,  1.0819825012482472e-01
  3.7799999999978597e+00,  1.1563612189604267e+01,  1.0917810144310365e-01
  3.7899999999978364e+00,  1.1648670383991311e+01,  1.1016164374747557e-01
  3.7999999999978131e+00,  1.1733931399223637e+01,  1.1114886571830235e-01
  3.8099999999977898e+00,  1.1819394372841211e+01,  1.1213975656014549e-01
  3.8199999999977665e+00,  1.1905058450075819e+01,  1.1313430596919076e-01
  3.8299999999977432e+00,  1.1990922783743601e+01,  1.1413250409975825e-01
  3.8399999999977199e+00,  1.2076986534139646e+01,  1.1513434153025201e-01
  3.8499999999976966e+00,  1.2163248868934730e+01,  1.1613980922893888e-01
  3.8599999999976733e+00,  1.2249708963074186e+01,  1.1714889851987480e-01
  3.8699999999976500e+00,  1.2336365998679302e+01,  1.1816160104931106e-01
  3.8799999999976267e+00,  1.2423219164950879e+01,  1.1917790875295728e-01
  3.8899999999976034e+00,  1.2510267658074792e+01,  1.2019781382426256e-01
  3.8999999999975801e+00,  1.2597510681129046e+01,  1.2122130868396493e-01
  3.9099999999975568e+00,  1.2684947404389138e+01,  1.2224840632191190e-01
  3.9199999999975335e+00,  1.2772576367862065e+01,  1.2327925451491142e-01
  3.9299999999975102e+00,  1.2860394910056533e+01,  1.2431404276602533e-01
  3.9399999999974868e+00,  1.2948399439059504e+01,  1.2535294540812206e-01
  3.9499999999974635e+00,  1.3036585765822700e+01,  1.2639612116469126e-01
  3.9599999999974402e+00,  1.3124949383411531e+01,  1.2744370899557356e-01
  3.9699999999974169e+00,  1.3213485688872746e+01,  1.2849582293544320e-01
  3.9799999999973936e+00,  1.3302190147556889e+01,  1.2955254762696572e-01
  3.9899999999973703e+00,  1.3391058404106561e+01,  1.3061393536886728e-01
  3.9999999999973470e+00,  1.3480086347642963e+01,  1.3168000489639717e-01
  4.0099999999973237e+00,  1.3569270140436711e+01,  1.3275074175167362e-01
  4.0199999999973004e+00,  1.3658606219676329e+01,  1.3382609992711220e-01
  4.0299999999972771e+00,  1.3748091281229819e+01,  1.3490600441661990e-01
  4.0399999999972538e+00,  1.3837722252944415e+01,  1.3599035433298240e-01
  4.0499999999972305e+00,  1.3927496263404011e+01,  1.3707902630736243e-01
  4.0599999999972072e+00,  1.4017410610426708e+01,  1.3817187795371574e-01
  4.0699999999971839e+00,  1.4107462732106638e+01,  1.3926875124403212e-01
  4.0799999999971606e+00,  1.4197650181976059e+01,  1.4036947569373051e-01
  4.0899999999971373e+00,  1.4287970608918036e+01,  1.4147387129899511e-01
  4.0999999999971140e+00,  1.4378421741788344e+01,  1.4258175119940805e-01
  4.1099999999970906e+00,  1.4469001378276332e+01,  1.4369292406165562e-01
  4.1199999999970673e+00,  1.4559707377302621e+01,  1.4480719619468005e-01
  4.1299999999970440e+00,  1.4650537654170563e+01,  1.4592437341525596e-01
  4.1399999999970207e+00,  1.4741490177711398e+01,  1.4704426268678597e-01
  4.1499999999969974e+00,  1.4832562968752294e+01,  1.4816667355469246e-01
  4.1599999999969741e+00,  1.4923754099358927e+01,  1.4929141940015986e-01
  4.1699999999969508e+00,  1.5015061692436722e+01,  1.5041831853147475e-01
  4.1799999999969275e+00,  1.5106483921400711e+01,  1.5154719512889067e-01
  4.1899999999969042e+00,  1.5198019009732691e+01,  1.5267788005601787e-01
  4.1999999999968809e+00,  1.5289665230331682e+01,  1.5381021154811977e-01
  4.2099999999968576e+00,  1.5381420904627781e+01,  1.5494403578529775e-01
  4.2199999999968343e+00,  1.5473284401473235e+01,  1.5607920735749889e-01
  4.2299999999968110e+00,  1.5565254135850351e+01,  1.5721558962649113e-01
  4.2399999999967877e+00,  1.5657328567447776e+01,  1.5835305499052044e-01
  4.2499999999967644e+00,  1.5749506199158397e+01,  1.5949148505652477e-01
  4.2599999999967411e+00,  1.5841785575546822e+01,  1.6063077072566034e-01
  4.2699999999967178e+00,  1.5934165281326004e+01,  1.6177081219764439e-01
  4.2799999999966944e+00,  1.6026643939872034e+01,  1.6291151890013880e-01
  4.2899999999966711e+00,  1.6119220211796367e+01,  1.6405280934971489e-01
  4.2999999999966478e+00,  1.6211892793585690e+01,  1.6519461095092869e-01
  4.3099999999966245e+00,  1.6304660416313194e+01,  1.6633685974037390e-01
  4.3199999999966012e+00,  1.6397521844419614e+01,  1.6747950008261589e-01
  4.3299999999965779e+00,  1.6490475874559646e+01,  1.6862248432474325e-01
  4.3399999999965546e+00,  1.6583521334507484e+01,  1.6976577241628546e-01
  4.3499999999965313e+00,  1.6676657082114545e+01,  1.7090933150096640e-01
  4.3599999999965080e+00,  1.6769882004312638e+01,  1.7205313548658357e-01
  4.3699999999964847e+00,  1.6863195016156631e+01,  1.7319716459869183e-01
  4.3799999999964614e+00,  1.6956595059901506e+01,  1.7434140492354896e-01
  4.3899999999964381e+00,  1.7050081104110241e+01,  1.7548584794521999e-01
  4.3999999999964148e+00,  1.7143652142789445e+01,  1.7663049008122272e-01
  4.4099999999963915e+00,  1.7237307194551001e+01,  1.7777533222112774e-01
  4.4199999999963682e+00,  1.7331045301798646e+01,  1.7892037927146195e-01
  4.4299999999963449e+00,  1.7424865529938526e+01,  1.8006563971066541e-01
  4.4399999999963216e+00,  1.7518766966613860e+01,  1.8121112515678900e-01
  4.4499999999962982e+00,  1.7612748720963271e+01,  1.8235684995064469e-01
  4.4599999999962749e+00,  1.7706809922903293e+01,  1.8350283075649906e-01
  4.4699999999962516e+00,  1.7800949722434559e+01,  1.8464908618174514e-01
  4.4799999999962283e+00,  1.7895167288972015e+01,  1.8579563641732372e-01
  4.4899999999962050e+00,  1.7989461810699030e+01,  1.8694250289965283e-01
  4.4999999999961817e+00,  1.8083832493945405e+01,  1.8808970799499014e-01
  4.5099999999961584e+00,  1.8178278562588726e+01,  1.8923727470704479e-01
  4.5199999999961351e+00,  1.8272799257478461e+01,  1.9038522640792296e-01
  4.5299999999961118e+00,  1.8367393835881405e+01,  1.9153358659248590e-01
  4.5399999999960885e+00,  1.8462061570948112e+01,  1.9268237865579327e-01
  4.5499999999960652e+00,  1.8556801751199117e+01,  1.9383162569339377e-01
  4.5599999999960419e+00,  1.8651613680030646e+01,  1.9498135032391892e-01
  4.5699999999960186e+00,  1.8746496675239136e+01,  1.9613157453335253e-01
  4.5799999999959953e+00,  1.8841450068563784e+01,  1.9728231954028719e-01
  4.5899999999959720e+00,  1.8936473205246710e+01,  1.9843360568134097e-01
  4.5999999999959487e+00,  1.9031565443610187e+01,  1.9958545231563846e-01
  4.6099999999959254e+00,  1.9126726154649770e+01,  2.0073787774743809e-01
  4.6199999999959021e+00,  1.9221954721643119e+01,  2.0189089916556435e-01
  4.6299999999958787e+00,  1.9317250539773998e+01,  2.0304453259846222e-01
  4.6399999999958554e+00,  1.9412613015770951e+01,  2.0419879288375034e-01
  4.6499999999958321e+00,  1.9508041567560429e+01,  2.0535369365097786e-01
  4.6599999999958088e+00,  1.9603535623933734e+01,  2.0650924731656142e-01
  4.6699999999957855e+00,  1.9699094624227207e+01,  2.0766546508970368e-01
  4.6799999999957622e+00,  1.9794718018015178e+01,  2.0882235698809232e-01
  4.6899999999957389e+00,  1.9890405264814799e+01,  2.0997993186219421e-01
  4.6999999999957156e+00,  1.9986157768940149e+01,  2.1113626377374756e-01
  4.7099999999956923e+00,  2.0082269540460647e+01,  2.1224416608847008e-01
  4.7199999999956690e+00,  2.0178957171143736e+01,  2.1334774643395324e-01
  4.7299999999956457e+00,  2.0276238655336595e+01,  2.1444581682748981e-01
  4.7399999999956224e+00,  2.0374085108727108e+01,  2.1553911739775813e-01
  4.7499999999955991e+00,  2.0472428471783228e+01,  2.1662971737636047e-01
  4.7599999999955758e+00,  2.0571179635398629e+01,  2.1772031616502222e-01
  4.7699999999955525e+00,  2.0670248705166188e+01,  2.1881358404373233e-01
  4.7799999999955292e+00,  2.0769561387854093e+01,  2.1991183229337632e-01
  4.7899999999955059e+00,  2.0869064629891930e+01,  2.2101687448716462e-01
  4.7999999999954825e+00,  2.0968726353480612e+01,  2.2213003458161773e-01
  4.8099999999954592e+00,  2.1068531460434993e+01,  2.2325221011560423e-01
  4.8199999999954359e+00,  2.1168477805984836e+01,  2.2438404471719151e-01
  4.8299999999954126e+00,  2.1268571589877823e+01,  2.2552594002143600e-01
  4.8399999999953893e+00,  2.1368822757238146e+01,  2.2667813757694474e-01
  4.8499999999953660e+00,  2.1469242388588199e+01,  2.2784077053107990e-01
  4.8599999999953427e+00,  2.1569840837396274e+01,  2.2901390292026610e-01
  4.8699999999953194e+00,  2.1670626652684764e+01,  2.3019755741274839e-01
  4.8799999999952961e+00,  2.1771606143400511e+01,  2.3139173166938162e-01
  4.8899999999952728e+00,  2.1872783395341923e+01,  2.3259640586740404e-01
  4.8999999999952495e+00,  2.1974160567506726e+01,  2.3381154405626484e-01
  4.9099999999952262e+00,  2.2075738325604927e+01,  2.3503709188123131e-01
  4.9199999999952029e+00,  2.2177516305971562e+01,  2.3627297282644807e-01
  4.9299999999951796e+00,  2.2279493538297217e+01,  2.3751908457890397e-01
  4.9399999999951563e+00,  2.2381668787072982e+01,  2.3877529651946675e-01
  4.9499999999951330e+00,  2.2484040797055432e+01,  2.4004144881147141e-01
  4.9599999999951097e+00,  2.2586608446262993e+01,  2.4131735314444649e-01
  4.9699999999950863e+00,  2.2689370821094187e+01,  2.4260279491878639e-01
  4.9799999999950630e+00,  2.2792327233147695e+01,  2.4389753651444529e-01
  4.9899999999950397e+00,  2.2895477197764794e+01,  2.4520132124486207e-01
  4.9999999999950164e+00,  2.2998820391859983e+01,  2.4651387762387825e-01
  5.0099999999949931e+00,  2.3102356604697068e+01,  2.4783492363954615e-01
  5.0199999999949698e+00,  2.3206085691008063e+01,  2.4916417081069098e-01
  5.0299999999949465e+00,  2.3310007531956025e+01,  2.5050132788303331e-01
  5.0399999999949232e+00,  2.3414122006298815e+01,  2.5184610409154479e-01
  5.0499999999948999e+00,  2.3518428971851002e+01,  2.5319821196958225e-01
  5.0599999999948766e+00,  2.3622928255929132e+01,  2.5455736972190113e-01
  5.0699999999948533e+00,  2.3727619652763348e+01,  2.5592330320048023e-01
  5.0799999999948300e+00,  2.3832502925690640e+01,  2.5729574753120182e-01
  5.0899999999948067e+00,  2.3937577812128097e+01,  2.5867444844002957e-01
  5.0999999999947834e+00,  2.4042844029704430e+01,  2.6005916332245066e-01
  5.1099999999947601e+00,  2.4148301282379315e+01,  2.6144966209237963e-01
  5.1199999999947368e+00,  2.4253949265815287e+01,  2.6284572783945709e-01
  5.1299999999947135e+00,  2.4359787671636958e+01,  2.6424715731669474e-01
  5.1399999999946901e+00,  2.4465816190489800e+01,  2.6565376127488477e-01
  5.1499999999946668e+00,  2.4572034513996588e+01,  2.6706536465658393e-01
  5.1599999999946435e+00,  2.4678442335812168e+01,  2.6848180666003080e-01
  5.1699999999946202e+00,  2.4785039352014387e+01,  2.6990294068218973e-01
  5.1799999999945969e+00,  2.4891825261061342e+01,  2.7132863415006747e-01
  5.1899999999945736e+00,  2.4998799763510732e+01,  2.7275876824945100e-01
  5.1999999999945503e+00,  2.5105962561650845e+01,  2.7419323756103314e-01
  5.2099999999945270e+00,  2.5213313359143989e+01,  2.7563194961446336e-01
  5.2199999999945037e+00,  2.5320851860740316e+01,  2.7707482437127018e-01
  5.2299999999944804e+00,  2.5428577772085458e+01,  2.7852179364780644e-01
  5.2399999999944571e+00,  2.5536490799622037e+01,  2.7997280048901840e-01
  5.2499999999944338e+00,  2.5644590650569647e+01,  2.8142779850352706e-01
  5.2599999999944105e+00,  2.5752877032961820e+01,  2.8288675117012002e-01
  5.2699999999943872e+00,  2.5861349655717216e+01,  2.8434963112498912e-01
  5.2799999999943639e+00,  2.5970008228724677e+01,  2.8581641943864561e-01
  5.2899999999943406e+00,  2.6078852462927493e+01,  2.8728710489062670e-01
  5.2999999999943173e+00,  2.6187882070396274e+01,  2.8876168324924073e-01
  5.3099999999942940e+00,  2.6297096764384438e+01,  2.9024015656254931e-01
  5.3199999999942706e+00,  2.6406496259364161e+01,  2.9172253246602670e-01
  5.3299999999942473e+00,  2.6516080271043432e+01,  2.9320882351149069e-01
  5.3399999999942240e+00,  2.6625848516367508e+01,  2.9469904652147771e-01
  5.3499999999942007e+00,  2.6735800713508297e+01,  2.9619322197267078e-01
  5.3599999999941774e+00,  2.6845936581844278e+01,  2.9769137341115587e-01
  5.3699999999941541e+00,  2.6956255841933846e+01,  2.9919352690139189e-01
  5.3799999999941308e+00,  2.7066758215483944e+01,  3.0069971051028882e-01
  5.3899999999941075e+00,  2.7177443425316046e+01,  3.0220995382758670e-01
  5.3999999999940842e+00,  2.7288311195331211e+01,  3.0372428752317876e-01
  5.4099999999940609e+00,  2.7399361250475344e+01,  3.0524274294183401e-01
  5.4199999999940376e+00,  2.7510593316706405e+01,  3.0676535173521513e-01
  5.4299999999940143e+00,  2.7622007120963360e+01,  3.0829214553075679e-01
  5.4399999999939910e+00,  2.7733602391136827e+01,  3.0982315563652268e-01
  5.4499999999939677e+00,  2.7845378856040675e+01,  3.1135841278098225e-01
  5.4599999999939444e+00,  2.7957336245384862e+01,  3.1289794688635025e-01
  5.4699999999939211e+00,  2.8069474289749902e+01,  3.1444178687413221e-01
  5.4799999999938978e+00,  2.8181792720563088e+01,  3.1598996050154304e-01
  5.4899999999938744e+00,  2.8294291270076489e+01,  3.1754249422707209e-01
  5.4999999999938511e+00,  2.8406969671346314e+01,  3.1909941310329015e-01
  5.5099999999938278e+00,  2.8519827658213174e+01,  3.2066074069477185e-01
  5.5199999999938045e+00,  2.8632864965282835e+01,  3.2222649901912970e-01
  5.5299999999937812e+00,  2.8746081327907103e+01,  3.2379670850901149e-01
  5.5399999999937579e+00,  2.8859476482165043e+01,  3.2537138799344112e-01
  5.5499999999937346e+00,  2.8973050164845212e+01,  3.2695055469669437e-01
  5.5599999999937113e+00,  2.9086802113429155e+01,  3.2853422425292467e-01
  5.5699999999936880e+00,  2.9200732066076050e+01,  3.3012241073453191e-01
  5.5799999999936647e+00,  2.9314839761608148e+01,  3.3171512669234915e-01
  5.5899999999936414e+00,  2.9429124939497850e+01,  3.3331238320594286e-01
  5.5999999999936181e+00,  2.9543587339856828e+01,  3.3491418994261130e-01
  5.6099999999935948e+00,  2.9658226703427371e+01,  3.3652055522387592e-01
  5.6199999999935715e+00,  2.9773042771574474e+01,  3.3813148609783422e-01
  5.6299999999935482e+00,  2.9888035286278299e+01,  3.3974698841568840e-01
  5.6399999999935249e+00,  3.0003203990126334e+01,  3.4136706691118135e-01
  5.6499999999935016e+00,  3.0118548626305181e+01,  3.4299172528197625e-01
  5.6599999999934782e+00,  3.0234068938592454e+01,  3.4462096627198030e-01
  5.6699999999934549e+00,  3.0349764671349512e+01,  3.4625479175400325e-01
  5.6799999999934316e+00,  3.0465635569515637e+01,  3.4789320281180702e-01
  5.6899999999934083e+00,  3.0581681378602823e+01,  3.4953619982077355e-01
  5.6999999999933850e+00,  3.0697901844690346e+01,  3.5118378252644344e-01
  5.7099999999933617e+00,  3.0814296714419676e+01,  3.5283595012032892e-01
  5.7199999999933384e+00,  3.0930865734990128e+01,  3.5449270131265120e-01
  5.7299999999933151e+00,  3.1047608654155567e+01,  3.5615403440183591e-01
  5.7399999999932918e+00,  3.1164525220222416e+01,  3.5781994734059802e-01
  5.7499999999932685e+00,  3.1281615182048213e+01,  3.5949043779822715e-01
  5.7599999999932452e+00,  3.1398878289040415e+01,  3.6116550321856933e-01
  5.7699999999932219e+00,  3.1516314291154583e+01,  3.6284514087351832e-01
  5.7799999999931986e+00,  3.1633922938891793e+01,  3.6452934791193464e-01
  5.7899999999931753e+00,  3.1751703983295506e+01,  3.6621812140419197e-01
  5.7999999999931520e+00,  3.1869657175948717e+01,  3.6791145838265082e-01
  5.8099999999931287e+00,  3.1987782268971490e+01,  3.6960935587811761e-01
  5.8199999999931054e+00,  3.2106079015018629e+01,  3.7131181095214300e-01
  5.8299999999930820e+00,  3.2224547167277223e+01,  3.7301882072512188e-01
  5.8399999999930587e+00,  3.2343186479465402e+01,  3.7473038240044582e-01
  5.8499999999930354e+00,  3.2461996705832405e+01,  3.7644649328528185e-01
  5.8599999999930121e+00,  3.2580977601159972e+01,  3.7816715080825103e-01
  5.8699999999929888e+00,  3.2700128920763014e+01,  3.7989235253380449e-01
  5.8799999999929655e+00,  3.2819450420489751e+01,  3.8162209617320614e-01
  5.8899999999929422e+00,  3.2938941856720355e+01,  3.8335637959249558e-01
  5.8999999999929189e+00,  3.3058602986364747e+01,  3.8509520081777376e-01
  5.9099999999928956e+00,  3.3178433566860456e+01,  3.8683855803841938e-01
  5.9199999999928723e+00,  3.3298433356171358e+01,  3.8858644960817018e-01
  5.9299999999928490e+00,  3.3418602112787063e+01,  3.9033887404454104e-01
  5.9399999999928257e+00,  3.3538939595721224e+01,  3.9209583002638754e-01
  5.9499999999928024e+00,  3.3659445564509987e+01,  3.9385731638984856e-01
  5.9599999999927791e+00,  3.3780119779210061e+01,  3.9562333212289702e-01
  5.9699999999927558e+00,  3.3900962000398124e+01,  3.9739387635900486e-01
  5.9799999999927325e+00,  3.4021971989170979e+01,  3.9916894837021694e-01
  5.9899999999927092e+00,  3.4143149507146290e+01,  4.0094854755981224e-01
  5.9999999999926859e+00,  3.4264494316463121e+01,  4.0273267345402175e-01
  6.0099999999926625e+00,  3.4386006179781624e+01,  4.0452132569313165e-01
  6.0199999999926392e+00,  3.4507684860281366e+01,  4.0631450402197539e-01
  6.0299999999926159e+00,  3.4629530121659059e+01,  4.0811220828022360e-01
  6.0399999999925926e+00,  3.4751541728126497e+01,  4.0991443839286307e-01
  6.0499999999925693e+00,  3.4873719444408678e+01,  4.1172119436090188e-01
  6.0599999999925460e+00,  3.4996063035741635e+01,  4.1353247625203149e-01
  6.0699999999925227e+00,  3.5118572267870555e+01,  4.1534828419131403e-01
  6.0799999999924994e+00,  3.5241246907048591e+01,  4.1716861835192343e-01
  6.0899999999924761e+00,  3.5364086720037932e+01,  4.1899347894675520e-01
  6.0999999999924528e+00,  3.5487091474110990e+01,  4.2082286622066906e-01
  6.1099999999924295e+00,  3.5610260937050803e+01,  4.2265678044283483e-01
  6.1199999999924062e+00,  3.5733594877150651e+01,  4.2449522189917854e-01
  6.1299999999923829e+00,  3.5857093063211600e+01,  4.2633819088511005e-01
  6.1399999999923596e+00,  3.5980755264539802e+01,  4.2818568769883264e-01
  6.1499999999923363e+00,  3.6104581250944335e+01,  4.3003771263537938e-01
  6.1599999999923130e+00,  3.6228570792735987e+01,  4.3189426598134339e-01
  6.1699999999922897e+00,  3.6352723660725843e+01,  4.3375534801009324e-01
  6.1799999999922663e+00,  3.6477039626222869e+01,  4.3562095897725800e-01
  6.1899999999922430e+00,  3.6601518461031553e+01,  4.3749109911659789e-01
  6.1999999999922197e+00,  3.6726159937449964e+01,  4.3936576863642918e-01
  6.2099999999921964e+00,  3.6850963828269322e+01,  4.4124496771693728e-01
  6.2199999999921731e+00,  3.6975929906774134e+01,  4.4312869650822900e-01
  6.2299999999921498e+00,  3.7101057946742792e+01,  4.4501695512872413e-01
  6.2399999999921265e+00,  3.7226347722446626e+01,  4.4690974366356562e-01
  6.2499999999921032e+00,  3.7351799008648143e+01,  4.4880706216311550e-01
  6.2599999999920799e+00,  3.7477411580597980e+01,  4.5070891064169250e-01
  6.2699999999920566e+00,  3.7603185214032422e+01,  4.5261528907692555e-01
  6.2799999999920333e+00,  3.7729119685170950e+01,  4.5452619740968536e-01
  6.2899999999920100e+00,  3.7855214770713751e+01,  4.5644163554409745e-01
  6.2999999999919867e+00,  3.7981470247838956e+01,  4.5836160334745485e-01
  6.3099999999919634e+00,  3.8107885894201374e+01,  4.6028610065031950e-01
  6.3199999999919401e+00,  3.8234461487933110e+01,  4.6221512724725500e-01
  6.3299999999919168e+00,  3.8361196807644546e+01,  4.6414868289802502e-01
  6.3399999999918935e+00,  3.8488091632424428e+01,  4.6608676732853727e-01
  6.3499999999918701e+00,  3.8615145741839129e+01,  4.6802938023150742e-01
  6.3599999999918468e+00,  3.8742358915929486e+01,  4.6997652126706668e-01
  6.3699999999918235e+00,  3.8869730935207620e+01,  4.7192819006361780e-01
  6.3799999999918002e+00,  3.8997261580654751e+01,  4.7388438621905432e-01
  6.3899999999917769e+00,  3.9124950633720239e+01,  4.7584510930216073e-01
  6.3999999999917536e+00,  3.9252797876319406e+01,  4.7781035885390905e-01
  6.4099999999917303e+00,  3.9380803090830916e+01,  4.7978013438851191e-01
  6.4199999999917070e+00,  3.9508966060093982e+01,  4.8175443539442087e-01
  6.4299999999916837e+00,  3.9637286567406996e+01,  4.8373326133549682e-01
  6.4399999999916604e+00,  3.9765764396527061e+01,  4.8571661165273999e-01
  6.4499999999916371e+00,  3.9894399331670542e+01,  4.8770448576613579e-01
  6.4599999999916138e+00,  4.0023191157513089e+01,  4.8969688307616716e-01
  6.4699999999915905e+00,  4.0152139659188421e+01,  4.9169380296491266e-01
  6.4799999999915672e+00,  4.0281244622285499e+01,  4.9369524479680355e-01
  6.4899999999915439e+00,  4.0410505832845459e+01,  4.9570120791954148e-01
  6.4999999999915206e+00,  4.0539923077359283e+01,  4.9771169166531937e-01
  6.5099999999914973e+00,  4.0669496142765524e+01,  4.9972669535202546e-01
  6.5199999999914739e+00,  4.0799224816447364e+01,  5.0174621828400967e-01
  6.5299999999914506e+00,  4.0929108886230452e+01,  5.0377025975250311e-01
  6.5399999999914273e+00,  4.1059148140383414e+01,  5.0579881903636548e-01
  6.5499999999914040e+00,  4.1189342367618835e+01,  5.0783189540324902e-01
  6.5599999999913807e+00,  4.1319691357094278e+01,  5.0986948811045474e-01
  6.5699999999913574e+00,  4.1450194898411489e+01,  5.1191159640520989e-01
  6.5799999999913341e+00,  4.1580852781614048e+01,  5.1395821952460252e-01
  6.5899999999913108e+00,  4.1711664797183914e+01,  5.1600935669569237e-01
  6.5999999999912875e+00,  4.1842630736039176e+01,  5.1806500713587988e-01
  6.6099999999912642e+00,  4.1973750389533137e+01,  5.2012517005343317e-01
  6.6199999999912409e+00,  4.2105023549452731e+01,  5.2218984464781049e-01
  6.6299999999912176e+00,  4.2236450008015893e+01,  5.2425903010970298e-01
  6.6399999999911943e+00,  4.2368029557868745e+01,  5.2633272562081690e-01
  6.6499999999911710e+00,  4.2499761992084082e+01,  5.2841093035394859e-01
  6.6599999999911477e+00,  4.2631647104161601e+01,  5.3049364347357597e-01
  6.6699999999911244e+00,  4.2763684688028235e+01,  5.3258086413661498e-01
  6.6799999999911011e+00,  4.2895874538038711e+01,  5.3467259149276258e-01
  6.6899999999910778e+00,  4.3028216448974383e+01,  5.3676882468444431e-01
  6.6999999999910544e+00,  4.3160710216040123e+01,  5.3886956284641274e-01
  6.7099999999910311e+00,  4.3293355634861747e+01,  5.4097480510570661e-01
  6.7199999999910078e+00,  4.3426152501483713e+01,  5.4308455058192173e-01
  6.7299999999909845e+00,  4.3559100612366990e+01,  5.4519879838744256e-01
  6.7399999999909612e+00,  4.3692199764386267e+01,  5.4731754762719886e-01
  6.7499999999909379e+00,  4.3825449754828611e+01,  5.4944079739821794e-01
  6.7599999999909146e+00,  4.3958850381394264e+01,  5.5156854678972844e-01
  6.7699999999908913e+00,  4.4092401442198387e+01,  5.5370079488365309e-01
  6.7799999999908680e+00,  4.4226102735771633e+01,  5.5583754075455827e-01
  6.7899999999908447e+00,  4.4359954061059490e+01,  5.5797878346909358e-01
  6.7999999999908214e+00,  4.4493955217418915e+01,  5.6012452208535202e-01
  6.8099999999907981e+00,  4.4628106004615312e+01,  5.6227475565254792e-01
  6.8199999999907748e+00,  4.4762406222821490e+01,  5.6442948321109143e-01
  6.8299999999907515e+00,  4.4896855672616518e+01,  5.6658870379268533e-01
  6.8399999999907282e+00,  4.5031454154984324e+01,  5.6875241642020646e-01
  6.8499999999907049e+00,  4.5166201471310458e+01,  5.7092062010722333e-01
  6.8599999999906816e+00,  4.5301097423379929e+01,  5.7309331385754025e-01
  6.8699999999906582e+00,  4.5436141813377084e+01,  5.7527049666546581e-01
  6.8799999999906349e+00,  4.5571334443885803e+01,  5.7745216751635697e-01
  6.8899999999906116e+00,  4.5706675117890903e+01,  5.7963832538713356e-01
  6.8999999999905883e+00,  4.5842163638777649e+01,  5.8182896924627903e-01
  6.9099999999905650e+00,  4.5977799810329408e+01,  5.8402409805346533e-01
  6.9199999999905417e+00,  4.6113583436724667e+01,  5.8622371075929103e-01
  6.9299999999905184e+00,  4.6249514322534893e+01,  5.8842780630553948e-01
  6.9399999999904951e+00,  4.6385592272722640e+01,  5.9063638362557747e-01
  6.9499999999904718e+00,  4.6521817092638933e+01,  5.9284944164427400e-01
  6.9599999999904485e+00,  4.6658188588021325e+01,  5.9506697927755636e-01
  6.9699999999904252e+00,  4.6794706564994698e+01,  5.9728899543242620e-01
  6.9799999999904019e+00,  4.6931370830072858e+01,  5.9951548900759144e-01
  6.9899999999903786e+00,  4.7068181190160267e+01,  6.0174645889363210e-01
  6.9999999999903553e+00,  4.7205137452551185e+01,  6.0398190397253737e-01
  7.0099999999903320e+00,  4.7342239424927037e+01,  6.0622182311710893e-01
  7.0199999999903087e+00,  4.7479486915352936e+01,  6.0846621519070665e-01
  7.0299999999902854e+00,  4.7616879732276651e+01,  6.1071507904741140e-01
  7.0399999999902620e+00,  4.7754417684528079e+01,  6.1296841353237197e-01
  7.0499999999902387e+00,  4.7892100581317543e+01,  6.1522621748173434e-01
  7.0599999999902154e+00,  4.8029928232233125e+01,  6.1748848972228831e-01
  7.0699999999901921e+00,  4.8167900447238182e+01,  6.1975522907114500e-01
  7.0799999999901688e+00,  4.8306017036670994e+01,  6.2202643433605631e-01
  7.0899999999901455e+00,  4.8444277811245932e+01,  6.2430210431621846e-01
  7.0999999999901222e+00,  4.8582682582054701e+01,  6.2658223780283417e-01
  7.1099999999900989e+00,  4.8721231160565580e+01,  6.2886683357915685e-01
  7.1199999999900756e+00,  4.8859923358621124e+01,  6.3115589042015086e-01
  7.1299999999900523e+00,  4.8998758988435299e+01,  6.3344940709238184e-01
  7.1399999999900290e+00,  4.9137737862591351e+01,  6.3574738235447970e-01
  7.1499999999900057e+00,  4.9276859794040064e+01,  6.3804981495759250e-01
  7.1599999999899824e+00,  4.9416124596097205e+01,  6.4035670364525643e-01
  7.1699999999899591e+00,  4.9555532082441999e+01,  6.4266804715300252e-01
  7.1799999999899358e+00,  4.9695082067118456e+01,  6.4498384420864419e-01
  7.1899999999899125e+00,  4.9834774364537694e+01,  6.4730409353296836e-01
  7.1999999999898892e+00,  4.9974608789478836e+01,  6.4962879383969441e-01
  7.2099999999898658e+00,  5.0114585157088037e+01,  6.5195794383482475e-01
  7.2199999999898425e+00,  5.0254703282874829e+01,  6.5429154221618802e-01
  7.2299999999898192e+00,  5.0394962982709522e+01,  6.5662958767333635e-01
  7.2399999999897959e+00,  5.0535364072822716e+01,  6.5897207888793108e-01
  7.2499999999897726e+00,  5.0675906369804984e+01,  6.6131901453398234e-01
  7.2599999999897493e+00,  5.0816589690604332e+01,  6.6367039327766830e-01
  7.2699999999897260e+00,  5.0957413852523395e+01,  6.6602621377684212e-01
  7.2799999999897027e+00,  5.1098378673218065e+01,  6.6838647468092249e-01
  7.2899999999896794e+00,  5.1239483970697940e+01,  6.7075117463157907e-01
  7.2999999999896561e+00,  5.1380729563327826e+01,  6.7312031226352409e-01
  7.3099999999896328e+00,  5.1522115269828618e+01,  6.7549388620478612e-01
  7.3199999999896095e+00,  5.1663640909275387e+01,  6.7787189507646983e-01
  7.3299999999895862e+00,  5.1805306301094454e+01,  6.8025433749242858e-01
  7.3399999999895629e+00,  5.1947111265060876e+01,  6.8264121205954220e-01
  7.3499999999895396e+00,  5.2089055621297199e+01,  6.8503251737830073e-01
  7.3599999999895163e+00,  5.2231139190270710e+01,  6.8742825204293023e-01
  7.3699999999894930e+00,  5.2373361792791606e+01,  6.8982841464091105e-01
  7.3799999999894697e+00,  5.2515723250013579e+01,  6.9223300375296637e-01
  7.3899999999894463e+00,  5.2658223383435939e+01,  6.9464201795379521e-01
  7.3999999999894230e+00,  5.2800862014905675e+01,  6.9705545581222494e-01
  7.4099999999893997e+00,  5.2943638966617058e+01,  6.9947331589060291e-01
  7.4199999999893764e+00,  5.3086554061108174e+01,  7.0189559674417157e-01
  7.4299999999893531e+00,  5.3229607121257935e+01,  7.0432229692083481e-01
  7.4399999999893298e+00,  5.3372797970285411e+01,  7.0675341496153343e-01
  7.4499999999893065e+00,  5.3516126431749790e+01,  7.0918894940055732e-01
  7.4599999999892832e+00,  5.3659592329548524e+01,  7.1162889876539503e-01
  7.4699999999892599e+00,  5.3803195487914273e+01,  7.1407326157619100e-01
  7.4799999999892366e+00,  5.3946935731413063e+01,  7.1652203634550637e-01
  7.4899999999892133e+00,  5.4090812884944739e+01,  7.1897522157893867e-01
  7.4999999999891900e+00,  5.4234826773744878e+01,  7.2143281577596641e-01
  7.5099999999891667e+00,  5.4378977223091844e+01,  7.2389482685985673e-01
  7.5199999999891434e+00,  5.4523264054374650e+01,  7.2636129269962568e-01
  7.5299999999891201e+00,  5.4667687075467875e+01,  7.2883224232795374e-01
  7.5399999999890968e+00,  5.4812246072596714e+01,  7.3130769262442419e-01
  7.5499999999890735e+00,  5.4956940807210614e+01,  7.3378765322586315e-01
  7.5599999999890501e+00,  5.5101771016689483e+01,  7.3627212879054227e-01
  7.5699999999890268e+00,  5.5246736417414802e+01,  7.3876112008031658e-01
  7.5799999999890035e+00,  5.5391836708977102e+01,  7.4125462461099190e-01
  7.5899999999889802e+00,  5.5537071577351277e+01,  7.4375263704609662e-01
  7.5999999999889569e+00,  5.5682440689542950e+01,  7.4625514996172304e-01
  7.6099999999889336e+00,  5.5827943691561075e+01,  7.4876215514624789e-01
  7.6199999999889103e+00,  5.5973580213898195e+01,  7.5127364363427818e-01
  7.6299999999888870e+00,  5.6119349877012517e+01,  7.5378960569288633e-01
  7.6399999999888637e+00,  5.6265252295839680e+01,  7.5631003086790050e-01
  7.6499999999888404e+00,  5.6411287083118978e+01,  7.5883490803289255e-01
  7.6599999999888171e+00,  5.6557453851548054e+01,  7.6136422542592008e-01
  7.6699999999887938e+00,  5.6703752214924592e+01,  7.6389797067862042e-01
  7.6799999999887705e+00,  5.6850181788502830e+01,  7.6643613084751183e-01
  7.6899999999887472e+00,  5.6996742188801925e+01,  7.6897869245440464e-01
  7.6999999999887239e+00,  5.7143433033081699e+01,  7.7152564153730963e-01
  7.7099999999887006e+00,  5.7290253938657692e+01,  7.7407696370995271e-01
  7.7199999999886773e+00,  5.7437204522182618e+01,  7.7663264422659217e-01
  7.7299999999886539e+00,  5.7584284398978326e+01,  7.7919266804890008e-01
  7.7399999999886306e+00,  5.7731493182466046e+01,  7.8175701991197033e-01
  7.7499999999886073e+00,  5.7878830483707937e+01,  7.8432568438614647e-01
  7.7599999999885840e+00,  5.8026295911054724e+01,  7.8689864593235948e-01
  7.7699999999885607e+00,  5.8173889069886634e+01,  7.8947588895085441e-01
  7.7799999999885374e+00,  5.8321609562426971e+01,  7.9205739782452989e-01
  7.7899999999885141e+00,  5.8469456987604708e+01,  7.9464315695634968e-01
  7.7999999999884908e+00,  5.8617430940943173e+01,  7.9723315080013013e-01
  7.8099999999884675e+00,  5.8765531014457956e+01,  7.9982736388582365e-01
  7.8199999999884442e+00,  5.8913756796553443e+01,  8.0242578084061322e-01
  7.8299999999884209e+00,  5.9062107871914456e+01,  8.0502838640651497e-01
  7.8399999999883976e+00,  5.9210583821387928e+01,  8.0763516545415992e-01
  7.8499999999883743e+00,  5.9359184221848032e+01,  8.1024610299248712e-01
  7.8599999999883510e+00,  5.9507908646045252e+01,  8.1286118417443698e-01
  7.8699999999883277e+00,  5.9656756662441964e+01,  8.1548039429969998e-01
  7.8799999999883044e+00,  5.9805727835038006e+01,  8.1810371881547839e-01
  7.8899999999882811e+00,  5.9954821723186306e+01,  8.2073114331494956e-01
  7.8999999999882577e+00,  6.0104037881397886e+01,  8.2336265353263483e-01
  7.9099999999882344e+00,  6.0253375859133548e+01,  8.2599823533691996e-01
  7.9199999999882111e+00,  6.0402835200584732e+01,  8.2863787472041550e-01
  7.9299999999881878e+00,  6.0552415444446176e+01,  8.3128155778931567e-01
  7.9399999999881645e+00,  6.0702116123664048e+01,  8.3392927158283292e-01
  7.9499999999881412e+00,  6.0851936763738294e+01,  8.3658103231401215e-01
  7.9599999999881179e+00,  6.1001876873365354e+01,  8.3923688782486894e-01
  7.9699999999880946e+00,  6.1151935927966868e+01,  8.4189688140120333e-01
  7.9799999999880713e+00,  6.1302113354744215e+01,  8.4456105119583003e-01
  7.9899999999880480e+00,  6.1452408522247417e+01,  8.4722943053864108e-01
  7.9999999999880247e+00,  6.1602820734456905e+01,  8.4990204740144715e-01
  8.0099999999880023e+00,  6.1753349228767355e+01,  8.5257892363202747e-01
  8.0199999999879790e+00,  6.1903993176995840e+01,  8.5526007430222906e-01
  8.0299999999879557e+00,  6.2054751688473331e+01,  8.5794550730395724e-01
  8.0399999999879324e+00,  6.2205623814356500e+01,  8.6063522319702934e-01
  8.0499999999879090e+00,  6.2356608552457431e+01,  8.6332921525336814e-01
  8.0599999999878857e+00,  6.2507704852077254e+01,  8.6602746963002364e-01
  8.0699999999878624e+00,  6.2658911618509904e+01,  8.6872996561525395e-01
  8.0799999999878391e+00,  6.2810227717030749e+01,  8.7143667591001939e-01
  8.0899999999878158e+00,  6.2961651976302022e+01,  8.7414756692398010e-01
  8.0999999999877925e+00,  6.3113183191208719e+01,  8.7686259907879760e-01
  8.1099999999877692e+00,  6.3264820125190475e+01,  8.7958172711817784e-01
  8.1199999999877459e+00,  6.3416561512162744e+01,  8.8230490042680965e-01
  8.1299999999877226e+00,  6.3568406058119692e+01,  8.8503206335866680e-01
  8.1399999999876993e+00,  6.3720352442502012e+01,  8.8776315557263719e-01
  8.1499999999876760e+00,  6.3872399319403634e+01,  8.9049811237335530e-01
  8.1599999999876527e+00,  6.4024545318673887e+01,  8.9323686505570510e-01
  8.1699999999876294e+00,  6.4176789046952791e+01,  8.9597934124925671e-01
  8.1799999999876061e+00,  6.4329129088660366e+01,  8.9872546525760244e-01
  8.1899999999875828e+00,  6.4481564006951743e+01,  9.0147515838992576e-01
  8.1999999999875595e+00,  6.4634092344646504e+01,  9.0422833928341340e-01
  8.2099999999875362e+00,  6.4786712625137028e+01,  9.0698492421477261e-01
  8.2199999999875129e+00,  6.4939423353274861e+01,  9.0974482739867568e-01
  8.2299999999874895e+00,  6.5092223016228175e+01,  9.1250796127114575e-01
  8.2399999999874662e+00,  6.5245110084308436e+01,  9.1527423675680486e-01
  8.2499999999874429e+00,  6.5398083011766730e+01,  9.1804356352020355e-01
  8.2599999999874196e+00,  6.5551140237562279e+01,  9.2081585020169165e-01
  8.2699999999873963e+00,  6.5704280186104654e+01,  9.2359100459351995e-01
  8.2799999999873730e+00,  6.5857501267984247e+01,  9.2636893363798267e-01
  8.2899999999873497e+00,  6.6010801880714197e+01,  9.2914954381818260e-01
  8.2999999999873264e+00,  6.6164180409458666e+01,  9.3193274142109628e-01
  8.3099999999873031e+00,  6.6317635227721595e+01,  9.3471843268199850e-01
  8.3199999999872798e+00,  6.6471164697995235e+01,  9.3750652392063039e-01
  8.3299999999872565e+00,  6.6624767172350261e+01,  9.4029692168586698e-01
  8.3399999999872332e+00,  6.6778440844288966e+01,  9.4308957214141120e-01
  8.3499999999872099e+00,  6.6932182785516318e+01,  9.4588451819696895e-01
  8.3599999999871866e+00,  6.7085988663494234e+01,  9.4868177787260732e-01
  8.3699999999871633e+00,  6.7239853291953366e+01,  9.5148133422553860e-01
  8.3799999999871400e+00,  6.7393771139551902e+01,  9.5428314313645513e-01
  8.3899999999871167e+00,  6.7547736724254634e+01,  9.5708713544151303e-01
  8.3999999999870933e+00,  6.7701744884770690e+01,  9.5989321760853319e-01
  8.4099999999870700e+00,  6.7855790936195575e+01,  9.6270127246181669e-01
  8.4199999999870467e+00,  6.8009870729900484e+01,  9.6551116077081023e-01
  8.4299999999870234e+00,  6.8163980644646969e+01,  9.6832272376423745e-01
  8.4399999999870001e+00,  6.8318117535517246e+01,  9.7113578626183328e-01
  8.4499999999869768e+00,  6.8472278662257153e+01,  9.7395016007055335e-01
  8.4599999999869535e+00,  6.8626461612500577e+01,  9.7676564736511673e-01
  8.4699999999869302e+00,  6.8780664229834102e+01,  9.7958204386354142e-01
  8.4799999999869069e+00,  6.8934884552245933e+01,  9.8239914172081466e-01
  8.4899999999868836e+00,  6.9089120763215689e+01,  9.8521673195997916e-01
  8.4999999999868603e+00,  6.9243371155454454e+01,  9.8803460651719244e-01
  8.5099999999868370e+00,  6.9397634106501954e+01,  9.9085253951242747e-01
  8.5199999999868137e+00,  6.9551908069969599e+01,  9.9367023002697352e-01
  8.5299999999867904e+00,  6.9706191583756066e+01,  9.9648737240805296e-01
  8.5399999999867671e+00,  6.9860483282282487e+01,  9.9930367621645644e-01
  8.5499999999867438e+00,  7.0014781903815262e+01,  1.0021188658113804e+00
  8.5599999999867205e+00,  7.0169086289341251e+01,  1.0049326842431272e+00
  8.5699999999866971e+00,  7.0323392898485025e+01,  1.0077453770464251e+00
  8.5799999999866738e+00,  7.0477691917673567e+01,  1.0105570350920556e+00
  8.5899999999866505e+00,  7.0631973790447844e+01,  1.0133673725530248e+00
  8.5999999999866272e+00,  7.0786230998398423e+01,  1.0161761235277889e+00
  8.6099999999866039e+00,  7.0940458221641194e+01,  1.0189830305860281e+00
  8.6199999999865806e+00,  7.1094652154874041e+01,  1.0217878394522908e+00
  8.6299999999865573e+00,  7.1248811138917091e+01,  1.0245902994081881e+00
  8.6399999999865340e+00,  7.1402934725036275e+01,  1.0273901669734360e+00
  8.6499999999865107e+00,  7.1557023252582596e+01,  1.0301872108425472e+00
  8.6599999999864874e+00,  7.1711077488201525e+01,  1.0329812167076775e+00
  8.6699999999864641e+00,  7.1865098348877410e+01,  1.0357719912192584e+00
  8.6799999999864408e+00,  7.2019086711953591e+01,  1.0385593647718863e+00
  8.6899999999864175e+00,  7.2173043302791314e+01,  1.0413431930598278e+00
  8.6999999999863942e+00,  7.2326968644199212e+01,  1.0441233575083895e+00
  8.7099999999863709e+00,  7.2480863049950244e+01,  1.0468997647944860e+00
  8.7199999999863476e+00,  7.2634726646015167e+01,  1.0496723457148727e+00
  8.7299999999863243e+00,  7.2788559406090783e+01,  1.0524410536447835e+00
  8.7399999999863009e+00,  7.2942361191499757e+01,  1.0552058627798775e+00
  8.7499999999862776e+00,  7.3096131788899626e+01,  1.0579667663009618e+00
  8.7599999999862543e+00,  7.3249870942088378e+01,  1.0607237745531026e+00
  8.7699999999862310e+00,  7.3403578376381262e+01,  1.0634769132922257e+00
  8.7799999999862077e+00,  7.3557253815545835e+01,  1.0662262220242991e+00
  8.7899999999861844e+00,  7.3710896992196325e+01,  1.0689717524436961e+00
  8.7999999999861611e+00,  7.3864507653000175e+01,  1.0717135669668592e+00
  8.8099999999861378e+00,  7.4018085560156507e+01,  1.0744517373536417e+00
  8.8199999999861145e+00,  7.4171630490491708e+01,  1.0771863434079108e+00
  8.8299999999860912e+00,  7.4325142233276097e+01,  1.0799174717485978e+00
  8.8399999999860679e+00,  7.4478620587585297e+01,  1.0826452146441847e+00
  8.8499999999860446e+00,  7.4632065359753696e+01,  1.0853696689070591e+00
  8.8599999999860213e+00,  7.4785476361237940e+01,  1.0880909348474781e+00
  8.8699999999859980e+00,  7.4938853407027608e+01,  1.0908091152892732e+00
  8.8799999999859747e+00,  7.5092196314613332e+01,  1.0935243146485125e+00
  8.8899999999859514e+00,  7.5245504903440931e+01,  1.0962366380758046e+00
  8.8999999999859281e+00,  7.5398778994745811e+01,  1.0989461906638578e+00
  8.9099999999859048e+00,  7.5552018411653634e+01,  1.1016530767235151e+00
  8.9199999999858814e+00,  7.5705222979439768e+01,  1.1043573991293612e+00
  8.9299999999858581e+00,  7.5858392525858392e+01,  1.1070592587337844e+00
  8.9399999999858348e+00,  7.6011526881474779e+01,  1.1097587538497276e+00
  8.9499999999858115e+00,  7.6164625879959473e+01,  1.1124559798021108e+00
  8.9599999999857882e+00,  7.6317689358324643e+01,  1.1151510285465960e+00
  8.9699999999857649e+00,  7.6470717157095052e+01,  1.1178439883528957e+00
  8.9799999999857416e+00,  7.6623709120413309e+01,  1.1205349435486218e+00
  8.9899999999857183e+00,  7.6776665096086717e+01,  1.1232239743195676e+00
  8.9999999999856950e+00,  7.6929584935588309e+01,  1.1259111565632711e+00
  9.0099999999856717e+00,  7.7082468494027083e+01,  1.1285965617926921e+00
  9.0199999999856484e+00,  7.7235315630097944e+01,  1.1312802570850657e+00
  9.0299999999856251e+00,  7.7388126206017773e+01,  1.1339623050713914e+00
  9.0399999999856018e+00,  7.7540900087452144e+01,  1.1366427639626038e+00
  9.0499999999855785e+00,  7.7693637143438380e+01,  1.1393216876096870e+00
  9.0599999999855552e+00,  7.7846337246310426e+01,  1.1419991255953323e+00
  9.0699999999855319e+00,  7.7999000271626841e+01,  1.1446751233525390e+00
  9.0799999999855086e+00,  7.8151626098100678e+01,  1.1473497223048468e+00
  9.0899999999854852e+00,  7.8304214607532415e+01,  1.1500229600247234e+00
  9.0999999999854619e+00,  7.8456765684748319e+01,  1.1526948704076732e+00
  9.1099999999854386e+00,  7.8609279217541570e+01,  1.1553654838588365e+00
  9.1199999999854153e+00,  7.8761755096615957e+01,  1.1580348274878289e+00
  9.1299999999853920e+00,  7.8914193215527547e+01,  1.1607029253100023e+00
  9.1399999999853687e+00,  7.9066593470626529e+01,  1.1633697984528624e+00
  9.1499999999853454e+00,  7.9218955761000743e+01,  1.1660354653659317e+00
  9.1599999999853221e+00,  7.9371279988422913e+01,  1.1686999420317072e+00
  9.1699999999852988e+00,  7.9523566057295810e+01,  1.1713632421748352e+00
  9.1799999999852755e+00,  7.9675813874596727e+01,  1.1740253774673000e+00
  9.1899999999852522e+00,  7.9828023349823681e+01,  1.1766863577288122e+00
  9.1999999999852289e+00,  7.9980194394943481e+01,  1.1793461911215992e+00
  9.2099999999852056e+00,  8.0132326924343928e+01,  1.1820048843376845e+00
  9.2199999999851823e+00,  8.0284420854786632e+01,  1.1846624427771715e+00
  9.2299999999851590e+00,  8.0436476105358309e+01,  1.1873188707170603e+00
  9.2399999999851357e+00,  8.0588492597422501e+01,  1.1899741714711891e+00
  9.2499999999851124e+00,  8.0740470254572443e+01,  1.1926283475422312e+00
  9.2599999999850890e+00,  8.0892409002585907e+01,  1.1952814007643742e+00
  9.2699999999850657e+00,  8.1044308769380009e+01,  1.1979333324349246e+00
  9.2799999999850424e+00,  8.1196169484966546e+01,  1.2005841434346216e+00
  9.2899999999850191e+00,  8.1347991081411109e+01,  1.2032338343376832e+00
  9.2999999999849958e+00,  8.1499773492793352e+01,  1.2058824055112292e+00
  9.3099999999849725e+00,  8.1651516655168692e+01,  1.2085298572032044e+00
  9.3199999999849492e+00,  8.1803220506527239e+01,  1.2111761896198787e+00
  9.3299999999849259e+00,  8.1954884986752987e+01,  1.2138214029944088e+00
  9.3399999999849026e+00,  8.2106510037583092e+01,  1.2164654976474389e+00
  9.3499999999848793e+00,  8.2258095602571501e+01,  1.2191084740398794e+00
  9.3599999999848560e+00,  8.2409641627049140e+01,  1.2217503328172414e+00
  9.3699999999848327e+00,  8.2561148058084569e+01,  1.2243910748456859e+00
  9.3799999999848094e+00,  8.2712614844443991e+01,  1.2270307012406418e+00
  9.3899999999847861e+00,  8.2864041936553647e+01,  1.2296692133892380e+00
  9.3999999999847628e+00,  8.3015429286465135e+01,  1.2323066129661289e+00
  9.4099999999847395e+00,  8.3166776847820998e+01,  1.2349429019427303e+00
  9.4199999999847162e+00,  8.3318084575818744e+01,  1.2375780825907161e+00
  9.4299999999846928e+00,  8.3469352427172836e+01,  1.2402121574813398e+00
  9.4399999999846695e+00,  8.3620580360078876e+01,  1.2428451294825353e+00
  9.4499999999846462e+00,  8.3771768334178375e+01,  1.2454770017533270e+00
  9.4599999999846229e+00,  8.3922916310522666e+01,  1.2481077777344467e+00
  9.4699999999845996e+00,  8.4074024251537551e+01,  1.2507374611353783e+00
  9.4799999999845763e+00,  8.4225092120990638e+01,  1.2533660559192819e+00
  9.4899999999845530e+00,  8.4376119883959575e+01,  1.2559935662858501e+00
  9.4999999999845297e+00,  8.4527107506801499e+01,  1.2586199966513374e+00
  9.5099999999845064e+00,  8.4678054957120509e+01,  1.2612453516268787e+00
  9.5199999999844831e+00,  8.4828962203733425e+01,  1.2638696359965151e+00
  9.5299999999844598e+00,  8.4979829216637469e+01,  1.2664928546958574e+00
  9.5399999999844365e+00,  8.5130655966979944e+01,  1.2691150127914814e+00
  9.5499999999844132e+00,  8.5281442427026789e+01,  1.2717361154602957e+00
  9.5599999999843899e+00,  8.5432188570130151e+01,  1.2743561679685966e+00
  9.5699999999843666e+00,  8.5582894370695712e+01,  1.2769751756514029e+00
  9.5799999999843433e+00,  8.5733559804152762e+01,  1.2795931438928838e+00
  9.5899999999843200e+00,  8.5884184846926146e+01,  1.2822100781072603e+00
  9.5999999999842967e+00,  8.6034769476410048e+01,  1.2848259837197575e+00
  9.6099999999842733e+00,  8.6185313670940019e+01,  1.2874408661478203e+00
  9.6199999999842500e+00,  8.6335817409763393e+01,  1.2900547307837498e+00
  9.6299999999842267e+00,  8.6486280673011052e+01,  1.2926675829801961e+00
  9.6399999999842034e+00,  8.6636703441670704e+01,  1.2952794280380064e+00
  9.6499999999841801e+00,  8.6787085697559718e+01,  1.2978902711947682e+00
  9.6599999999841568e+00,  8.6937427423298260e+01,  1.3005001176136488e+00
  9.6699999999841335e+00,  8.7087728602284457e+01,  1.3031089723734592e+00
  9.6799999999841102e+00,  8.7237989218672425e+01,  1.3057168404598452e+00
  9.6899999999840869e+00,  8.7388209257350496e+01,  1.3083237267564276e+00
  9.6999999999840636e+00,  8.7538388703918756e+01,  1.3109296360363289e+00
  9.7099999999840403e+00,  8.7688527544664723e+01,  1.3135345729551018e+00
  9.7199999999840170e+00,  8.7838625766540062e+01,  1.3161385420457645e+00
  9.7299999999839937e+00,  8.7988683357140005e+01,  1.3187415477158975e+00
  9.7399999999839704e+00,  8.8138700304682345e+01,  1.3213435942458467e+00
  9.7499999999839471e+00,  8.8288676597984818e+01,  1.3239446857872370e+00
  9.7599999999839238e+00,  8.8438612226443112e+01,  1.3265448263620467e+00
  9.7699999999839005e+00,  8.8588507180009884e+01,  1.3291440198628468e+00
  9.7799999999838771e+00,  8.8738361449177035e+01,  1.3317422700536046e+00
  9.7899999999838538e+00,  8.8888175024959438e+01,  1.3343395805703733e+00
  9.7999999999838305e+00,  8.9037947898878187e+01,  1.3369359549217783e+00
  9.8099999999838072e+00,  8.9187680062941055e+01,  1.3395313964899813e+00
  9.8199999999837839e+00,  8.9337371509624788e+01,  1.3421259085336428e+00
  9.8299999999837606e+00,  8.9487022231857864e+01,  1.3447194941927190e+00
  9.8399999999837373e+00,  8.9636632223004298e+01,  1.3473121564934027e+00
  9.8499999999837140e+00,  8.9786201476846372e+01,  1.3499038983523943e+00
  9.8599999999836907e+00,  8.9935729987569800e+01,  1.3524947225811090e+00
  9.8699999999836674e+00,  9.0085217749750768e+01,  1.3550846318902046e+00
  9.8799999999836441e+00,  9.0234664758344749e+01,  1.3576736288931819e+00
  9.8899999999836208e+00,  9.0384071008673786e+01,  1.3602617161090980e+00
  9.8999999999835975e+00,  9.0533436496412833e+01,  1.3628488959653220e+00
  9.9099999999835742e+00,  9.0682761217575433e+01,  1.3654351708011703e+00
  9.9199999999835509e+00,  9.0832045168502404e+01,  1.3680205428726413e+00
  9.9299999999835276e+00,  9.0981288345850061e+01,  1.3706050143575523e+00
  9.9399999999835043e+00,  9.1130490746577948e+01,  1.3731885873601353e+00
  9.9499999999834809e+00,  9.1279652367935213e+01,  1.3757712639150845e+00
  9.9599999999834576e+00,  9.1428773207448401e+01,  1.3783530459917079e+00
  9.9699999999834343e+00,  9.1577853262911532e+01,  1.3809339354981145e+00
  9.9799999999834110e+00,  9.1726892532378017e+01,  1.3835139342845375e+00
  9.9899999999833877e+00,  9.1875891014153225e+01,  1.3860930441457537e+00
  9.9999999999833644e+00,  9.2024848706783715e+01,  1.3886712668229286e+00
